8.13342606675 5.27346459403 0.0 0.0 0.0 -0.265580143626 0.964088786011
8.32499129346 5.17210728684 0.0 0.0 0.0 -0.261913738109 0.965091287801
8.51699133249 5.05473207182 0.0 0.0 0.0 -0.264829173167 0.964295343263
8.72303806297 4.94109744045 0.0 0.0 0.0 -0.264279553797 0.964446119514
8.95024593389 4.81539594533 0.0 0.0 0.0 -0.261725247018 0.96514242217
9.18945134662 4.68059449426 0.0 0.0 0.0 -0.260121759988 0.96557582301
9.41564612736 4.54663124864 0.0 0.0 0.0 -0.277789248575 0.96064204227
9.62267929142 4.41300930318 0.0 0.0 0.0 -0.279423276771 0.960168023004
9.83069511836 4.28849572025 0.0 0.0 0.0 -0.278213059421 0.960519387398
10.0333655212 4.16137823664 0.0 0.0 0.0 -0.278695223811 0.960379597985
10.2434538382 4.02286786966 0.0 0.0 0.0 -0.285206628449 0.958466055262
10.4260370709 3.90141456385 0.0 0.0 0.0 -0.280783763196 0.959771055161
10.6457156994 3.76538083738 0.0 0.0 0.0 -0.256681108538 0.966496150287
10.8423283109 3.66014927377 0.0 0.0 0.0 -0.221011831162 0.975271126655
11.091367468 3.54658999045 0.0 0.0 0.0 -0.203586519256 0.979056959108
11.3031281107 3.45572007635 0.0 0.0 0.0 -0.188791104869 0.982017270073
11.5105906491 3.38046544793 0.0 0.0 0.0 -0.169106725245 0.985597745268
11.7367708115 3.30186236389 0.0 0.0 0.0 -0.168244952053 0.985745218659
11.9765781398 3.20936774786 0.0 0.0 0.0 -0.170357571393 0.985382310512
12.2142411312 3.12213809009 0.0 0.0 0.0 -0.168421716886 0.985715032492
12.4634657431 3.03396647247 0.0 0.0 0.0 -0.178992818137 0.983850380421
12.7061918843 2.93249550717 0.0 0.0 0.0 -0.21399935097 0.97683380254
12.9299155976 2.81359853082 0.0 0.0 0.0 -0.256729356507 0.966483335349
13.1487014205 2.67294950637 0.0 0.0 0.0 -0.305164526686 0.952299643837
13.3474883058 2.51504903835 0.0 0.0 0.0 -0.349392133632 0.936976593601
13.5329722225 2.33313388519 0.0 0.0 0.0 -0.391136270641 0.92033277557
13.7040007689 2.13253386005 0.0 0.0 0.0 -0.42654619484 0.904465778052
13.8516175367 1.93094401505 0.0 0.0 0.0 -0.442913356546 0.896564419656
14.0109712639 1.72990860445 0.0 0.0 0.0 -0.436871564496 0.899523894144
14.1627657094 1.5230546396 0.0 0.0 0.0 -0.444601405154 0.89572852502
14.3127779959 1.31578286545 0.0 0.0 0.0 -0.442424611408 0.896805699815
14.4750170335 1.09807320664 0.0 0.0 0.0 -0.44297981458 0.896531585542
14.6208984175 0.893022893871 0.0 0.0 0.0 -0.442699747276 0.896669913492
14.7848855668 0.682779713452 0.0 0.0 0.0 -0.443003673083 0.896519796566
14.9513938471 0.46716129262 0.0 0.0 0.0 -0.448146185864 0.893960287762
15.0897177482 0.259114377249 0.0 0.0 0.0 -0.478380803902 0.878152496129
15.2259390362 0.037517561397 0.0 0.0 0.0 -0.504902157654 0.863176581701
15.3320646837 -0.186582850251 0.0 0.0 0.0 -0.519122973732 0.854699560164
15.450442412 -0.404814187961 0.0 0.0 0.0 -0.507479411167 0.861663882985
15.5757287831 -0.629857193203 0.0 0.0 0.0 -0.483076731313 0.87557802146
15.7196297313 -0.843873173938 0.0 0.0 0.0 -0.447276778087 0.894395596917
15.8929707466 -1.05619594425 0.0 0.0 0.0 -0.403670480221 0.914904444955
16.0780425233 -1.25602588905 0.0 0.0 0.0 -0.371565935087 0.928406568203
16.2663320258 -1.42500134075 0.0 0.0 0.0 -0.376555620318 0.926394011642
16.4461549354 -1.60750257257 0.0 0.0 0.0 -0.372310193179 0.928108355773
16.6381786213 -1.80783983501 0.0 0.0 0.0 -0.37681607109 0.926288102357
16.8267778715 -1.9912910728 0.0 0.0 0.0 -0.381670562237 0.924298426874
17.0044898819 -2.18365639521 0.0 0.0 0.0 -0.425161901589 0.905117316947
17.155240749 -2.38318297597 0.0 0.0 0.0 -0.472023187236 0.881586133461
17.2814533476 -2.59688723704 0.0 0.0 0.0 -0.516451396769 0.856316503855
17.3766027853 -2.8291340084 0.0 0.0 0.0 -0.576403928313 0.817164923027
17.4432992777 -3.09464138462 0.0 0.0 0.0 -0.623579567496 0.78175988833
17.4966224855 -3.36881325384 0.0 0.0 0.0 -0.624038532577 0.781393569118
17.5671444349 -3.67986117705 0.0 0.0 0.0 -0.627562639863 0.77856607494
17.641333642 -3.98986461257 0.0 0.0 0.0 -0.626835647423 0.779151507167
17.7005598809 -4.27661430166 0.0 0.0 0.0 -0.632052393002 0.774925656112
17.7660806934 -4.57899630344 0.0 0.0 0.0 -0.628477387201 0.777827856134
17.7932461658 -4.87918602675 0.0 0.0 0.0 -0.706117654758 0.708094525921
17.7841020888 -5.11353097206 0.0 0.0 0.0 -0.754830093736 0.65592036833
17.7273563445 -5.35038756153 0.0 0.0 0.0 -0.800498108944 0.59933527977
17.6249657512 -5.58082639763 0.0 0.0 0.0 -0.843822824682 0.536621878556
17.5075876317 -5.79866458975 0.0 0.0 0.0 -0.862409721651 0.506210896764
17.3880184963 -5.98530939308 0.0 0.0 0.0 -0.875284111813 0.483609060717
17.2456599036 -6.15410029532 0.0 0.0 0.0 -0.878600077165 0.477558273308
17.1010501549 -6.33613343148 0.0 0.0 0.0 -0.879745165949 0.475445520528
16.9624400502 -6.53969001902 0.0 0.0 0.0 -0.876693376297 0.481049606544
16.8107580553 -6.76342340811 0.0 0.0 0.0 -0.869305857276 0.494274545679
16.6840837339 -6.95609974583 0.0 0.0 0.0 -0.863520721926 0.50431335775
16.5480811567 -7.17621045425 0.0 0.0 0.0 -0.860928032827 0.508726765851
16.425553938 -7.39501497939 0.0 0.0 0.0 -0.862057899602 0.5068098043
16.3109961299 -7.57884609789 0.0 0.0 0.0 -0.861331703596 0.508043006429
16.2015745958 -7.75363395505 0.0 0.0 0.0 -0.860633841238 0.50922430354
16.1019662803 -7.93200606438 0.0 0.0 0.0 -0.870269342892 0.492576157384
15.9876352545 -8.02323597908 0.0 0.0 0.0 -0.966412898018 0.256994378429
15.9663503394 -8.03576549163 0.0 0.0 0.0 0.999923244539 0.0123897146764
15.9589624346 -8.03177892183 0.0 0.0 0.0 0.962669337616 0.270680155189
15.7841440204 -7.91337751709 0.0 0.0 0.0 0.955991329384 0.293394918401
15.6128167048 -7.79521126927 0.0 0.0 0.0 0.956940657935 0.290283615093
15.4382435694 -7.68046084377 0.0 0.0 0.0 0.957291523061 0.289124436662
15.2750325558 -7.55440707577 0.0 0.0 0.0 0.958048909918 0.286604756074
15.1014494211 -7.43713276841 0.0 0.0 0.0 0.954321220608 0.298782542826
14.9340177547 -7.32829757578 0.0 0.0 0.0 0.958189149039 0.286135552954
14.7614006496 -7.2177285353 0.0 0.0 0.0 0.958404252886 0.285414239397
14.5737417892 -7.09577347372 0.0 0.0 0.0 0.958450686566 0.285258271434
14.4152160432 -6.98814933893 0.0 0.0 0.0 0.958516111764 0.285038354419
14.2237338617 -6.8625074292 0.0 0.0 0.0 0.958715599416 0.284366663721
14.0483527755 -6.76597120409 0.0 0.0 0.0 0.961526808939 0.274711113156
13.8808171815 -6.65566931295 0.0 0.0 0.0 0.958214116036 0.28605193205
13.7029165513 -6.54441455884 0.0 0.0 0.0 0.958594091661 0.284775995185
13.5269653674 -6.43526435677 0.0 0.0 0.0 0.958952259316 0.283567565762
13.3443404639 -6.32240307328 0.0 0.0 0.0 0.959696546489 0.2810383224
13.1549224528 -6.20842682768 0.0 0.0 0.0 0.959838269318 0.2805539106
12.9672360551 -6.09068315547 0.0 0.0 0.0 0.959721948785 0.280951563476
12.8070099854 -5.98029310125 0.0 0.0 0.0 0.959546630459 0.281549753994
12.6430562032 -5.87309326615 0.0 0.0 0.0 0.959941160483 0.280201656687
12.4549882792 -5.74587489075 0.0 0.0 0.0 0.955446227066 0.29516522015
12.2788190086 -5.61889971129 0.0 0.0 0.0 0.956240941878 0.292580349778
12.1054722177 -5.49959648367 0.0 0.0 0.0 0.956666599948 0.291185536289
11.9156818216 -5.37267744038 0.0 0.0 0.0 0.956411861825 0.292021147456
11.7395168647 -5.25755989147 0.0 0.0 0.0 0.957149964067 0.289592724851
11.5578326454 -5.13569588229 0.0 0.0 0.0 0.95725397199 0.289248739167
11.3747923851 -5.01731304581 0.0 0.0 0.0 0.957320398795 0.2890288118
11.2187995391 -4.91641291238 0.0 0.0 0.0 0.957553255368 0.28825641907
11.0506240341 -4.80447781758 0.0 0.0 0.0 0.957824557888 0.287353643282
11.0445778233 -4.7926030935 0.0 0.0 0.0 0.850681444966 0.525681537806
11.0460239722 -4.78560450037 0.0 0.0 0.0 0.67365719667 0.73904396444
11.0547910562 -4.7863242969 0.0 0.0 0.0 0.451126263223 0.892460136157
11.0664285729 -4.77910304685 0.0 0.0 0.0 0.192302520613 0.981335692088
11.0753433723 -4.79629105339 0.0 0.0 0.0 -0.0797893245722 0.996811749371
