8.38862336457 5.22206636414 0.0 0.0 0.0 -0.238925756025 0.971037838144
8.60134423863 5.09434582728 0.0 0.0 0.0 -0.252849452862 0.967505635223
8.86817406216 4.93631321815 0.0 0.0 0.0 -0.255920135617 0.966697928096
9.11107995504 4.77529428401 0.0 0.0 0.0 -0.257478728757 0.966283966667
9.32623817279 4.65253493576 0.0 0.0 0.0 -0.262740022092 0.964866664774
9.54173367317 4.51929949337 0.0 0.0 0.0 -0.290668614296 0.956823785586
9.76628067464 4.34990563188 0.0 0.0 0.0 -0.290848088638 0.956769245605
9.95922093161 4.20299501497 0.0 0.0 0.0 -0.291518294749 0.956565253303
10.1498201639 4.05017525374 0.0 0.0 0.0 -0.281399066378 0.959590832304
10.3737005811 3.9047983712 0.0 0.0 0.0 -0.269851402212 0.962901978773
10.5640041226 3.76342643595 0.0 0.0 0.0 -0.276293815015 0.961073216662
10.775415288 3.61726829574 0.0 0.0 0.0 -0.274424887871 0.961608538293
10.9885173002 3.47506559163 0.0 0.0 0.0 -0.277483504643 0.960730401648
11.2113366844 3.33246585503 0.0 0.0 0.0 -0.276207605361 0.96109799643
11.4153015077 3.19540485858 0.0 0.0 0.0 -0.278108761874 0.960549590895
11.62533325 3.0623338579 0.0 0.0 0.0 -0.278452762076 0.960449925448
11.8400335545 2.92462042932 0.0 0.0 0.0 -0.277236904725 0.960801591723
12.0466021718 2.79501084803 0.0 0.0 0.0 -0.276517007067 0.961009024309
12.2616202579 2.65853000509 0.0 0.0 0.0 -0.27680760008 0.960925362626
12.47971542 2.52110377428 0.0 0.0 0.0 -0.275079180418 0.961421574805
12.6996227455 2.3823851643 0.0 0.0 0.0 -0.2772601472 0.960794884861
12.9235215878 2.23799238654 0.0 0.0 0.0 -0.279273690437 0.960211542229
13.142899213 2.09976873933 0.0 0.0 0.0 -0.279234976489 0.96022280118
13.3586621385 1.96204773933 0.0 0.0 0.0 -0.28043670378 0.959872520272
13.5858101057 1.82308420771 0.0 0.0 0.0 -0.278279503273 0.960500139541
13.8117556854 1.68480550392 0.0 0.0 0.0 -0.280129641538 0.959962178386
14.0427995178 1.53928542048 0.0 0.0 0.0 -0.280512261772 0.959850441994
14.2687286694 1.39541220021 0.0 0.0 0.0 -0.280058766247 0.959982857893
14.4870053206 1.25206630555 0.0 0.0 0.0 -0.280687523464 0.959799205132
14.7208585314 1.10960124552 0.0 0.0 0.0 -0.279499444157 0.960145853876
14.9402011307 0.968619663743 0.0 0.0 0.0 -0.279099694933 0.960262131029
15.1682508178 0.823813447935 0.0 0.0 0.0 -0.277421540276 0.960748296377
15.3802073075 0.671934338757 0.0 0.0 0.0 -0.305976169106 0.952039171431
15.5985698302 0.507706167607 0.0 0.0 0.0 -0.351953878869 0.936017343402
15.7930414212 0.312827263758 0.0 0.0 0.0 -0.393803656885 0.919194582134
15.9602463702 0.114481209755 0.0 0.0 0.0 -0.441159358599 0.897428782868
16.103587576 -0.108155335749 0.0 0.0 0.0 -0.475767483899 0.879571089375
16.2516191913 -0.34605922632 0.0 0.0 0.0 -0.490150342863 0.871637907271
16.3803213303 -0.570262775559 0.0 0.0 0.0 -0.487590303658 0.873072560432
16.5116116313 -0.794818202262 0.0 0.0 0.0 -0.490441174833 0.871474299121
16.6421561378 -1.02156145934 0.0 0.0 0.0 -0.492196352256 0.870484204811
16.7605128537 -1.2267620008 0.0 0.0 0.0 -0.491285993041 0.87099831977
16.9002885119 -1.45403146157 0.0 0.0 0.0 -0.495649089606 0.868522872452
17.0292811018 -1.69147214592 0.0 0.0 0.0 -0.520213959489 0.854035969004
17.1358953014 -1.91811931723 0.0 0.0 0.0 -0.538832054218 0.842413210573
17.2469050595 -2.16707601655 0.0 0.0 0.0 -0.558416727211 0.829560581737
17.3280124367 -2.38070500844 0.0 0.0 0.0 -0.57984903891 0.814723936113
17.3914349371 -2.61713011755 0.0 0.0 0.0 -0.605077769576 0.796166372541
17.4369398441 -2.84135462707 0.0 0.0 0.0 -0.629006264761 0.777400230828
17.4798421556 -3.10547132507 0.0 0.0 0.0 -0.643521996634 0.765427618948
17.5142106043 -3.32952880391 0.0 0.0 0.0 -0.641505861818 0.767118132528
17.561668203 -3.58710739579 0.0 0.0 0.0 -0.64046752488 0.767985253487
17.58827051 -3.79310065997 0.0 0.0 0.0 -0.638106175486 0.769948380611
17.6320175174 -4.00568757204 0.0 0.0 0.0 -0.635281973209 0.772280269407
17.6790915145 -4.25253218776 0.0 0.0 0.0 -0.63671416168 0.771099913316
17.7281278142 -4.49810804391 0.0 0.0 0.0 -0.668969347284 0.743289992126
17.7364552421 -4.78029609674 0.0 0.0 0.0 -0.725852081809 0.687850823459
17.7027378029 -5.01618325945 0.0 0.0 0.0 -0.770162113412 0.637848194373
17.5956907959 -5.33038968696 0.0 0.0 0.0 -0.820985598543 0.570948900502
17.4966306121 -5.57027377397 0.0 0.0 0.0 -0.855785759983 0.517330390574
17.3687757045 -5.79781708802 0.0 0.0 0.0 -0.863742863849 0.503932798248
17.2397393224 -6.02504729693 0.0 0.0 0.0 -0.857937588106 0.513753924476
17.105243659 -6.21309104818 0.0 0.0 0.0 -0.884240544587 0.467031754069
16.9479820428 -6.4117701028 0.0 0.0 0.0 -0.901174214553 0.433457074029
16.7759352657 -6.59474015261 0.0 0.0 0.0 -0.922034833443 0.387106917941
16.5854524336 -6.75507693997 0.0 0.0 0.0 -0.943847927019 0.330380221355
16.3780739676 -6.89120247705 0.0 0.0 0.0 -0.962602949778 0.270916151382
16.1506626917 -7.00676112307 0.0 0.0 0.0 -0.977336809559 0.211690247012
15.9165714345 -7.09302247397 0.0 0.0 0.0 -0.989084354281 0.147350399105
15.6740899377 -7.13753610693 0.0 0.0 0.0 -0.996641341882 0.0818903880333
15.4332836836 -7.15401726187 0.0 0.0 0.0 -0.999713754234 0.0239250829896
15.1896589637 -7.15225037658 0.0 0.0 0.0 0.999998342749 0.00182057649561
14.9490212502 -7.14360441994 0.0 0.0 0.0 0.999725899859 0.023412072743
14.6871653693 -7.11101045098 0.0 0.0 0.0 0.998338600954 0.0576197695651
14.3621669065 -7.02542614053 0.0 0.0 0.0 0.990614540263 0.136685158739
14.0658449493 -6.90229897066 0.0 0.0 0.0 0.97786789785 0.209223264372
13.8586353659 -6.78514260043 0.0 0.0 0.0 0.968057210694 0.25072940957
13.6503722024 -6.64613107912 0.0 0.0 0.0 0.950444534462 0.31089417317
13.4433979982 -6.4738750386 0.0 0.0 0.0 0.931551389248 0.363609693476
13.2792557836 -6.29464317816 0.0 0.0 0.0 0.916130957449 0.400879119941
13.0962955188 -6.09982011695 0.0 0.0 0.0 0.923239869011 0.384224080803
12.9068512609 -5.91489538643 0.0 0.0 0.0 0.921325214109 0.388792810951
12.7110872955 -5.7325777404 0.0 0.0 0.0 0.924684700427 0.380733771546
12.5181566335 -5.57076805526 0.0 0.0 0.0 0.932431187464 0.361347589787
12.3249858945 -5.40515617233 0.0 0.0 0.0 0.939108760515 0.343620045872
12.1189553316 -5.25729235718 0.0 0.0 0.0 0.950180736132 0.311699484574
11.8901705653 -5.1169610596 0.0 0.0 0.0 0.959895065161 0.280359526109
11.6589732735 -4.98570319914 0.0 0.0 0.0 0.962735359596 0.270445239158
11.4468058675 -4.8652777837 0.0 0.0 0.0 0.962270294559 0.272095351319
11.2485603955 -4.75754315568 0.0 0.0 0.0 0.964261491442 0.264952403504
11.2336112446 -4.75025508001 0.0 0.0 0.0 0.999992820771 0.00378924887412
11.2112313741 -4.75770635684 0.0 0.0 0.0 -0.966225200759 0.257699168446
11.2061571233 -4.76543638942 0.0 0.0 0.0 -0.867019701197 0.498273858171
11.2014441042 -4.77019807507 0.0 0.0 0.0 -0.714699287241 0.699431861454
11.1934933258 -4.77632245058 0.0 0.0 0.0 -0.516976727938 0.855999452553
11.2021350595 -4.77735603888 0.0 0.0 0.0 -0.279838071062 0.960047214456
