-0.139143258333 -5.07802772522 0.0180839505047 0.0178669840097 0.0111103113741 0.200335741043 0.979501366615
-0.128739729524 -5.07219552994 0.0186777487397 0.0176138281822 0.0110831428319 0.200505927205 0.979471445084
-0.13579903543 -5.07633161545 0.0180592853576 0.0179393347353 0.0110390605405 0.200772583485 0.979411423206
-0.126659467816 -5.07056045532 0.0184917151928 0.0176919642836 0.0110557628796 0.200387194753 0.97949463129
-0.117383658886 -5.06603240967 0.0181714519858 0.0178450979292 0.0108252540231 0.200078248978 0.9795576334
-0.12429382652 -5.06916046143 0.0188087634742 0.0176396928728 0.0110015850514 0.200561106205 0.979460597038
-0.132788047194 -5.07094526291 0.0187819171697 0.0179627481848 0.0109471473843 0.200624749064 0.979442298412
-0.121073424816 -5.06654977798 0.0189487375319 0.0175956804305 0.011025717482 0.200158774853 0.979543447495
-0.129915997386 -5.06963205338 0.018849555403 0.0179039444774 0.0108479773626 0.201342865825 0.979297101498
-0.115420565009 -5.06324720383 0.019333563745 0.0175388306379 0.0112469280139 0.200038850307 0.979566454887
-0.137578055263 -5.07346534729 0.0186668913811 0.0177078731358 0.011036538519 0.199434906244 0.979688942432
-0.137689724565 -5.07383537292 0.0178098324686 0.0178018826991 0.0110169509426 0.199959546328 0.979580521584
-0.140118047595 -5.08054304123 0.0174984093755 0.0179921034724 0.0111581208184 0.200612559915 0.97944188118
-0.140023320913 -5.07790374756 0.0175759457052 0.0178496129811 0.0111404005438 0.200574442744 0.979452490807
-0.133762016892 -5.06951475143 0.0176086388528 0.0177284497768 0.0111103849486 0.199927434325 0.979587316513
-0.147008001804 -5.07365894318 0.0170222055167 0.018038565293 0.0109392153099 0.200158715248 0.979536354542
-0.140618473291 -5.07072734833 0.0172947496176 0.0178278591484 0.01112387795 0.200059637427 0.979558348656
-0.131944000721 -5.06544685364 0.0175370853394 0.0177701637149 0.0109250023961 0.200219407678 0.97952902317
-0.134728580713 -5.07208824158 0.0169465411454 0.0179894044995 0.0110949296504 0.201365083456 0.979288220406
-0.126250341535 -5.06396245956 0.0168525278568 0.017806449905 0.0109785683453 0.199582472444 0.979657709599
-0.135538175702 -5.07198095322 0.0170562732965 0.0179196186364 0.0110335452482 0.199953302741 0.9795794487
-0.144272044301 -5.07659053802 0.0171203128994 0.0178867783397 0.0106933638453 0.200208619237 0.979531645775
-0.134418413043 -5.0725235939 0.0171715654433 0.0178699474782 0.0111846318468 0.20037689805 0.979492068291
-0.125050604343 -5.07141876221 0.017154596746 0.017573799938 0.0109823895618 0.199871629477 0.97960293293
-0.133188486099 -5.07708692551 0.0171167515218 0.017913479358 0.0110317803919 0.200688645244 0.97942918539
-0.120408087969 -5.07279634476 0.017180910334 0.0177909042686 0.0110106132925 0.200544551015 0.979461193085
-0.126149207354 -5.07884597778 0.0172500424087 0.0176965612918 0.0109000373632 0.199932709336 0.979589223862
-0.138579621911 -5.08207082748 0.0175885483623 0.0178700909019 0.011259989813 0.200416654348 0.979483067989
-0.131256356835 -5.08498811722 0.0175718106329 0.0178013965487 0.0109974890947 0.198582947254 0.979860723019
-0.128541409969 -5.07949256897 0.0182429756969 0.0182015560567 0.0114559624344 0.195418730378 0.980484068394
-0.124883785844 -5.06966733932 0.0199624300003 0.0181428585202 0.0113921742886 0.193639054894 0.980838954449
-0.134073764086 -5.04967880249 0.0212023928761 0.0181662477553 0.0112589998171 0.193853735924 0.98079764843
-0.158941239119 -5.02091503143 0.019809320569 0.0176848471165 0.0111761922017 0.192914053798 0.980992615223
-0.158675536513 -4.99587678909 0.022136753425 0.0179488882422 0.0111636621878 0.195193126798 0.980537056923
-0.159481793642 -4.97627687454 0.0228871311992 0.01819723472 0.0109925437719 0.194843068719 0.980603992939
-0.164822041988 -4.95744514465 0.0233218427747 0.0183885656297 0.0113088833168 0.192519128323 0.981055736542
-0.180223315954 -4.93523836136 0.0249840803444 0.0182654913515 0.0113512538373 0.192612752318 0.981039166451
-0.194667935371 -4.90718650818 0.0266781747341 0.018524132669 0.011095742695 0.193461224437 0.980870306492
-0.204280808568 -4.86114549637 0.0275654941797 0.0183868128806 0.0112494491041 0.193389356136 0.980885326862
-0.216250360012 -4.81251955032 0.0304866265506 0.0188937708735 0.0106635894626 0.194072559476 0.9807472229
-0.221182823181 -4.77046442032 0.031016074121 0.0190719347447 0.0108882738277 0.194069251418 0.980741977692
-0.235129117966 -4.72294378281 0.0320158302784 0.0198777932674 0.0110302241519 0.193515539169 0.980833828449
-0.265013635159 -4.68716287613 0.0333803668618 0.0203720852733 0.0110612586141 0.192756056786 0.980972886086
-0.28574693203 -4.63368463516 0.0351775661111 0.0206420980394 0.0107045238838 0.192263171077 0.981067895889
-0.299696147442 -4.56643819809 0.0365113317966 0.0215877071023 0.0105942273512 0.191200435162 0.981256425381
-0.335783928633 -4.51250171661 0.0375671647489 0.0218885429204 0.0103775402531 0.191846415401 0.981125950813
-0.355753809214 -4.44189596176 0.0384280346334 0.0216143820435 0.0103323115036 0.19264356792 0.980976343155
-0.37866038084 -4.38289928436 0.0452146306634 0.0213092677295 0.0106280632317 0.193932920694 0.980725765228
-0.404359161854 -4.33222532272 0.0468859374523 0.0213464461267 0.0108579760417 0.192892149091 0.98092764616
-0.437002599239 -4.27738857269 0.0499824285507 0.0212692804635 0.0111420089379 0.186361029744 0.982187926769
-0.470655590296 -4.2206158638 0.054766651243 0.0202154833823 0.0117148393765 0.176617115736 0.984002292156
-0.474741578102 -4.15493774414 0.0578368455172 0.0205445066094 0.0119988955557 0.167465478182 0.985590875149
-0.494965046644 -4.08106327057 0.0589088238776 0.0201502963901 0.0120278289542 0.1580863446 0.987146437168
-0.526869118214 -4.02043056488 0.0613210201263 0.0199289657176 0.0118886968121 0.150845274329 0.988285005093
-0.553658902645 -3.95399546623 0.0644211471081 0.0194560214877 0.0121879046783 0.142117619514 0.989583551884
-0.593361318111 -3.88569688797 0.0686062127352 0.0193757619709 0.0120954243466 0.136579781771 0.990365743637
-0.589886367321 -3.78194451332 0.0743022859097 0.0194653589278 0.0126858986914 0.132974669337 0.990847051144
-0.606853067875 -3.70280194283 0.0736042633653 0.0197969228029 0.0122315809131 0.130186766386 0.991216361523
-0.63820040226 -3.62812399864 0.0761699900031 0.0198086816818 0.0122919306159 0.126503184438 0.991692245007
-0.65632802248 -3.54280352592 0.0759395137429 0.0197733156383 0.0126262204722 0.12394285202 0.992011964321
-0.676077008247 -3.46808314323 0.0822948291898 0.0199460815638 0.0133550288156 0.123851135373 0.992010474205
-0.705511510372 -3.39888143539 0.0875534415245 0.0202806442976 0.013890969567 0.12531760335 0.991812109947
-0.733843922615 -3.32237029076 0.093017026782 0.0204015094787 0.0136283608153 0.12521353364 0.991826415062
-0.758760213852 -3.24522137642 0.0960911139846 0.0210161618888 0.0134037286043 0.123832076788 0.991990089417
-0.794155180454 -3.16708517075 0.0990008413792 0.0210295785218 0.013564963825 0.122947007418 0.9920976758
-0.809066236019 -3.08488202095 0.103475905955 0.0207539722323 0.0132988439873 0.123515471816 0.99203646183
-0.833046019077 -3.01473498344 0.10623767972 0.0209966246039 0.0133996717632 0.124426722527 0.991916179657
-0.849772036076 -2.92489671707 0.110958352685 0.0217861551791 0.0128226671368 0.124094329774 0.991948366165
-0.880968511105 -2.84968090057 0.112875655293 0.0221486296505 0.0135452067479 0.123556502163 0.991997897625
-0.911014914513 -2.77540230751 0.116598762572 0.0222088806331 0.0134180793539 0.12323153019 0.992038667202
-0.934477388859 -2.70306777954 0.122516751289 0.0222862660885 0.0129291303456 0.122680217028 0.992111742496
-0.94332754612 -2.62370467186 0.126051738858 0.0218736995012 0.011872430332 0.12119269371 0.992316961288
-0.965002894402 -2.54904150963 0.12763863802 0.022259298712 0.0116379782557 0.121210217476 0.992309033871
-0.988486766815 -2.47210597992 0.133140280843 0.0217059887946 0.0115108694881 0.121720284224 0.992260336876
-1.0131342411 -2.39259243011 0.135301604867 0.0218931864947 0.0114240944386 0.122434809804 0.992169320583
-1.04000461102 -2.31515431404 0.140770331025 0.0220571197569 0.0110361138359 0.123488128185 0.992039561272
-1.03602278233 -2.23123884201 0.143827065825 0.0221601519734 0.0109015144408 0.123913258314 0.991985678673
-1.05833995342 -2.14850187302 0.150356516242 0.0231897309422 0.0110484864563 0.123452462256 0.99201798439
-1.07806932926 -2.0710914135 0.155339598656 0.0233172085136 0.010342198424 0.122596800327 0.99212872982
-1.09241139889 -1.9825180769 0.156230017543 0.0229247566313 0.0097329011187 0.121501721442 0.992278754711
-1.11052024364 -1.8989739418 0.159060180187 0.0228720121086 0.00884131062776 0.121511384845 0.992287158966
-1.12611758709 -1.83058738708 0.163857102394 0.0225382559001 0.00899549201131 0.121818162501 0.992255747318
-1.15065920353 -1.75454354286 0.169576093554 0.0230944007635 0.00906480662525 0.123571865261 0.992025434971
-1.16841435432 -1.67580521107 0.171052992344 0.0224713124335 0.00957164075226 0.124934315681 0.991864383221
-1.1933401823 -1.60221195221 0.171174421906 0.022465236485 0.00964771769941 0.12562584877 0.991776406765
-1.21932172775 -1.53082740307 0.174217581749 0.0220779273659 0.00953385233879 0.124101445079 0.991978049278
-1.24336385727 -1.44682979584 0.183984875679 0.0216056536883 0.0089351227507 0.123342782259 0.992088675499
-1.26832425594 -1.37636053562 0.186035171151 0.0233880765736 0.00976720172912 0.122342556715 0.992164254189
-1.28668093681 -1.30833160877 0.188794970512 0.0225860308856 0.00920868571848 0.121917746961 0.992240488529
-1.30863678455 -1.24288284779 0.190770789981 0.0229788199067 0.00909247994423 0.123536899686 0.9920322299
-1.31808304787 -1.18394088745 0.196327120066 0.0232499297708 0.00955025386065 0.124621890485 0.991885900497
-1.32989859581 -1.1222063303 0.196263760328 0.022491723299 0.00922673195601 0.124966055155 0.991863131523
-1.34601604939 -1.07200479507 0.195982336998 0.0228509325534 0.00951657257974 0.124758332968 0.991878330708
-1.3553558588 -1.01255214214 0.199905112386 0.0230397004634 0.00921648740768 0.124492220581 0.991910278797
-1.36367571354 -0.962407112122 0.209106475115 0.0223644953221 0.00926445703954 0.123365871608 0.992065966129
-1.34112656116 -0.918243288994 0.215385481715 0.0214177612215 0.00827295333147 0.127390891314 0.99158680439
-1.3653908968 -0.897695243359 0.22101598978 0.0160202756524 0.0071522523649 0.139672607183 0.990042328835
-1.37815988064 -0.912433743477 0.189688414335 0.0196167230606 0.00837419740856 0.142348527908 0.989586770535
-1.36886429787 -0.932495355606 0.197832554579 0.0218019671738 0.00861314125359 0.137023791671 0.990290343761
-1.34700548649 -0.935411989689 0.202052995563 0.0231623705477 0.00899197068065 0.133789792657 0.990698218346
-1.33769965172 -0.929931819439 0.205398723483 0.0235342793167 0.00857322104275 0.137742221355 0.990151405334
-1.34751844406 -0.931559741497 0.205640360713 0.0233140345663 0.00820316746831 0.146194145083 0.988947153091
-1.34126019478 -0.927676022053 0.205154284835 0.0231922026724 0.00792479235679 0.157290831208 0.987248182297
-1.32740414143 -0.916547715664 0.206415712833 0.0236893408 0.00774238910526 0.171044722199 0.984948039055
-1.32911157608 -0.918274998665 0.20721167326 0.0237517729402 0.00741432746872 0.185271278024 0.982372403145
-1.32574987411 -0.92441534996 0.208890676498 0.0242927744985 0.007284168154 0.202359244227 0.978982925415
-1.34406423569 -0.928353667259 0.209806621075 0.023952273652 0.0067115216516 0.223568916321 0.974370658398
-1.34234762192 -0.924605727196 0.208710566163 0.0245112329721 0.00578307826072 0.2485345155 0.968295633793
-1.32208812237 -0.916180491447 0.207931563258 0.0246382169425 0.00514562288299 0.271784484386 0.962028980255
-1.30482327938 -0.907976746559 0.207729145885 0.0247726682574 0.00454149162397 0.294444292784 0.955336749554
-1.32052540779 -0.921505749226 0.208216667175 0.0244971141219 0.00402493495494 0.316407889128 0.948298335075
-1.31377077103 -0.914461612701 0.208233505487 0.0246727876365 0.00336155109107 0.340737938881 0.939828515053
-1.33235228062 -0.935526788235 0.206277608871 0.024168567732 0.00239646015689 0.3604388237 0.932466626167
-1.31899356842 -0.922924339771 0.205739185214 0.024108633399 0.00161788950209 0.384717077017 0.922718286514
-1.34734690189 -0.942227602005 0.205255106091 0.0236850604415 0.001269850065 0.402759879827 0.914998292923
-1.33006584644 -0.931587934494 0.204981967807 0.0238589718938 0.000676755735185 0.422963470221 0.905832350254
-1.34994232655 -0.944598853588 0.203809812665 0.0235792789608 9.92464774754e-05 0.441494464874 0.896954119205
-1.35180604458 -0.946653068066 0.204169526696 0.0239064767957 -0.000488174235215 0.464079171419 0.885470986366
-1.38760256767 -0.966953992844 0.202972099185 0.0236864518374 -0.00103483756538 0.484397321939 0.874526798725
-1.39382171631 -0.976391851902 0.204163402319 0.0239406861365 -0.00129007245414 0.502060174942 0.864500284195
-1.40447092056 -0.984055221081 0.204927384853 0.0235326699913 -0.00157221395057 0.520750641823 0.85338306427
-1.41722893715 -0.984062850475 0.201981559396 0.0231160111725 -0.00235678930767 0.542320668697 0.839850246906
-1.44242346287 -0.999521255493 0.203648209572 0.0231611784548 -0.00292323506437 0.564586520195 0.825043678284
-1.45481300354 -0.998441040516 0.204744160175 0.0231877844781 -0.00395074347034 0.587619543076 0.808795392513
-1.47175753117 -0.999750852585 0.208701446652 0.0228823199868 -0.00480729807168 0.610620439053 0.791578173637
-1.48981487751 -1.01047253609 0.207724139094 0.0227551031858 -0.00665945513174 0.637688159943 0.769929647446
-1.45969438553 -1.00631260872 0.207442760468 0.0222918335348 -0.00821345951408 0.665462434292 0.746053218842
-1.48501420021 -1.02074766159 0.208521425724 0.0229065213352 -0.00858421437442 0.688120663166 0.725183784962
-1.46708869934 -1.016020298 0.207748636603 0.0223080776632 -0.00903555378318 0.713596284389 0.700143635273
-1.49148595333 -1.02536547184 0.208385452628 0.0225088577718 -0.00994429271668 0.735476613045 0.677103102207
-1.46427762508 -1.01937663555 0.205447211862 0.0217827633023 -0.0104279732332 0.760537624359 0.648844659328
-1.463124156 -1.0210878849 0.205857113004 0.0212758202106 -0.0109326345846 0.781370818615 0.623608469963
-1.45259618759 -1.04172456264 0.205296427011 0.0209945756942 -0.0112639851868 0.795542597771 0.605429053307
-1.43645560741 -1.0552097559 0.202796459198 0.0202271174639 -0.0112434532493 0.803091108799 0.595406651497
-1.44789671898 -1.06193995476 0.201505333185 0.0201738215983 -0.0113618001342 0.800970315933 0.59825617075
-1.46256399155 -1.07020390034 0.201896965504 0.0203329119831 -0.0113727906719 0.800945043564 0.598284482956
-1.43277537823 -1.06237351894 0.199908643961 0.0199736338109 -0.0111968191341 0.802439033985 0.596294701099
-1.45845556259 -1.07021856308 0.200893357396 0.0201526749879 -0.0114308139309 0.800865411758 0.598396122456
-1.45708596706 -1.07151162624 0.200986236334 0.0201683677733 -0.0113942306489 0.801161408424 0.597999930382
-1.42882585526 -1.06329071522 0.19749134779 0.0201462972909 -0.0106399189681 0.800687432289 0.598649024963
-1.44409644604 -1.06317925453 0.199238196015 0.0202125627548 -0.0102243693545 0.799047589302 0.60084104538
-1.4717823267 -1.07105100155 0.199636846781 0.0199583880603 -0.0100846029818 0.800601243973 0.598780095577
-1.49743950367 -1.07610666752 0.200126230717 0.0198608208448 -0.0113988313824 0.802579343319 0.596105754375
-1.51525425911 -1.08571982384 0.202361792326 0.0203371122479 -0.0115137714893 0.802766144276 0.595835804939
-1.55235695839 -1.09378159046 0.203057348728 0.0202184952796 -0.0121105061844 0.800486028194 0.59888792038
-1.55621635914 -1.09697425365 0.204474881291 0.0212274491787 -0.0122150182724 0.800806283951 0.598422586918
-1.58025598526 -1.10195910931 0.205215513706 0.0213035307825 -0.0121852969751 0.800130188465 0.59932410717
-1.61265444756 -1.11315667629 0.206735923886 0.0215331111103 -0.011656251736 0.800327062607 0.599063396454
-1.63775038719 -1.12138199806 0.204818665981 0.0217496305704 -0.01051509846 0.801832556725 0.597060263157
-1.67133569717 -1.13555979729 0.207659304142 0.0218307077885 -0.0101528484374 0.800482153893 0.598872840405
-1.7169547081 -1.14260411263 0.208079367876 0.0225109253079 -0.0100404135883 0.799267351627 0.600469946861
-1.72135853767 -1.14476191998 0.209124162793 0.0225080102682 -0.00959077756852 0.801129877567 0.597990274429
-1.76803004742 -1.15975260735 0.211573302746 0.0231247711927 -0.00943335797638 0.801592469215 0.597348928452
-1.81099414825 -1.16880917549 0.212165132165 0.0236803311855 -0.00907963234931 0.801641464233 0.59726691246
-1.84690594673 -1.17630875111 0.215248167515 0.0246219709516 -0.00801141466945 0.802501559258 0.596087992191
-1.894926548 -1.18577325344 0.217107385397 0.0256889220327 -0.00759614026174 0.800965487957 0.598110973835
-1.95007753372 -1.20242702961 0.220992520452 0.0261863898486 -0.00671313982457 0.800893127918 0.598196864128
-1.9906193018 -1.21838629246 0.220459744334 0.0263247415423 -0.00596688129008 0.803709864616 0.594408869743
-2.03926134109 -1.23653912544 0.225019738078 0.0262144096196 -0.00560316862538 0.802781760693 0.595670163631
-2.10723352432 -1.25559973717 0.223414793611 0.0250638015568 -0.00640386296436 0.801687657833 0.597183167934
-2.16314744949 -1.28090035915 0.22658264637 0.0251689050347 -0.00577270099893 0.802340507507 0.596307694912
-2.18714809418 -1.28372335434 0.223947182298 0.0248299892992 -0.0074243536219 0.802004039288 0.59675604105
-2.24780797958 -1.29813909531 0.224964037538 0.0245471559465 -0.00776369916275 0.800405859947 0.598905444145
-2.29701733589 -1.31169819832 0.225928485394 0.0244589596987 -0.00700704846531 0.801542520523 0.597396194935
-2.31882596016 -1.31992781162 0.223684042692 0.0240467637777 -0.00773382652551 0.801549434662 0.597394824028
-2.3824903965 -1.33364295959 0.224981591105 0.0238329079002 -0.00822365004569 0.801296830177 0.597735583782
-2.39935469627 -1.33874428272 0.224718555808 0.0235304441303 -0.0082084396854 0.803752303123 0.594441950321
-2.44454312325 -1.35241138935 0.2253408283 0.0231955591589 -0.00842175446451 0.803209364414 0.595185577869
-2.5012652874 -1.36409974098 0.225295349956 0.0236553698778 -0.00837756600231 0.802961587906 0.595502376556
-2.55120515823 -1.38080334663 0.23008286953 0.023815529421 -0.00819487962872 0.802289962769 0.596403062344
-2.57094335556 -1.38945043087 0.22938747704 0.0236613936722 -0.00754820741713 0.804761826992 0.593078017235
-2.63159704208 -1.40931153297 0.229517370462 0.0235700998455 -0.00765494443476 0.802928030491 0.595560610294
-2.70769190788 -1.43109309673 0.231438979506 0.0228634551167 -0.00803220644593 0.802778840065 0.595784246922
-2.77387523651 -1.44891929626 0.233492970467 0.0226666852832 -0.00817434769124 0.803185462952 0.595241606236
-2.81466269493 -1.46103858948 0.23333722353 0.0224624313414 -0.00815263856202 0.802918732166 0.595609426498
-2.81220960617 -1.45551407337 0.234604045749 0.0228771734983 -0.00822846777737 0.80366820097 0.594580888748
-2.87508416176 -1.47720277309 0.238194599748 0.0233449563384 -0.00805987231433 0.801924347878 0.596914947033
-2.93726634979 -1.49066078663 0.239349737763 0.023478589952 -0.00785919092596 0.801733613014 0.597168564796
-2.98566508293 -1.50911211967 0.238013759255 0.0225900746882 -0.00800794176757 0.801882445812 0.597000956535
-3.0129108429 -1.52136898041 0.238321080804 0.0220115948468 -0.00873889308423 0.802760064602 0.595831811428
-3.05276012421 -1.53269004822 0.235077396035 0.0210767593235 -0.00886389799416 0.802928507328 0.595636606216
-3.12237262726 -1.55374348164 0.231139928102 0.0206544455141 -0.00920027773827 0.801660180092 0.597352325916
-3.12224435806 -1.55923902988 0.231989443302 0.0210786238313 -0.00876647420228 0.803005576134 0.595534205437
-3.18931746483 -1.57328927517 0.233099147677 0.0208003297448 -0.0087534962222 0.803317844868 0.595122754574
-3.25354170799 -1.58709776402 0.23447728157 0.0205452218652 -0.00888198520988 0.801101982594 0.598109304905
-3.26636075974 -1.58933186531 0.232948750257 0.0204016175121 -0.0088012823835 0.803802669048 0.594481050968
-3.31614971161 -1.60894334316 0.237292706966 0.0211566798389 -0.00876202341169 0.803047776222 0.595474541187
-3.38467621803 -1.62133920193 0.238635882735 0.0203732028604 -0.0089324042201 0.801701724529 0.597310245037
-3.45001196861 -1.64158892632 0.239420607686 0.0205579660833 -0.0088823037222 0.801949322224 0.596972167492
-3.51977443695 -1.6599906683 0.241028681397 0.0205027926713 -0.00866678543389 0.801585733891 0.597465395927
-3.5062289238 -1.65627110004 0.241743594408 0.0207357592881 -0.0083817820996 0.803057074547 0.595482289791
-3.56123995781 -1.67231559753 0.243094533682 0.0206682533026 -0.00846922863275 0.801591455936 0.597454726696
-3.6148006916 -1.69266593456 0.243406161666 0.0203877929598 -0.00831581559032 0.800656557083 0.598718762398
-3.66631507874 -1.7100931406 0.244254589081 0.0203266125172 -0.00866361707449 0.800303637981 0.599187672138
-3.68162846565 -1.71284222603 0.245925173163 0.0200345180929 -0.00895636901259 0.80271166563 0.595963358879
-3.73917746544 -1.72911190987 0.244505286217 0.0196716822684 -0.00881302449852 0.802579939365 0.596155047417
-3.80092167854 -1.74796545506 0.245810881257 0.019579205662 -0.00899294018745 0.802243947983 0.596607506275
-3.80712532997 -1.75026297569 0.244145914912 0.0195384994149 -0.00892922282219 0.803021609783 0.595562636852
-3.84568023682 -1.76326179504 0.240705117583 0.0192776732147 -0.00898749660701 0.803440630436 0.595004916191
-3.92047715187 -1.78260552883 0.243590131402 0.0196482222527 -0.00898557715118 0.800684452057 0.598696649075
-3.96900653839 -1.79791522026 0.248044043779 0.0196820162237 -0.00908467639238 0.801430463791 0.597694993019
-3.97604823112 -1.79719603062 0.248610958457 0.019803551957 -0.00855625327677 0.802713811398 0.595974087715
-4.03807353973 -1.8124601841 0.249578148127 0.0197882093489 -0.00861661694944 0.80258333683 0.596149504185
-4.089594841 -1.82813262939 0.251415669918 0.0195238571614 -0.00860151741654 0.802750170231 0.595933735371
-4.11661720276 -1.83757865429 0.255328565836 0.0203275326639 -0.00792564451694 0.803294539452 0.595182240009
-4.16001605988 -1.85158789158 0.254405409098 0.0211250223219 -0.0078446874395 0.80213868618 0.596712470055
-4.2268781662 -1.86770665646 0.256631761789 0.0212170146406 -0.00744037609547 0.800570011139 0.598817408085
-4.27050209045 -1.88241910934 0.257714778185 0.021076746285 -0.00765536865219 0.801430463791 0.597667515278
-4.29727268219 -1.89063823223 0.255145341158 0.0194362290204 -0.00787268765271 0.803554832935 0.594861209393
-4.36234140396 -1.91134262085 0.256946802139 0.0197239033878 -0.00799238495529 0.802291691303 0.596552848816
-4.38187408447 -1.91686522961 0.257720798254 0.0199490655214 -0.00792350713164 0.804474830627 0.593598842621
-4.41868019104 -1.92718708515 0.259297162294 0.0201432202011 -0.00771857891232 0.80308008194 0.595480501652
-4.48886060715 -1.94414174557 0.261633872986 0.0202020071447 -0.00769408326596 0.801607310772 0.597459971905
-4.51939296722 -1.95569396019 0.262890309095 0.0208447016776 -0.00678550451994 0.803688049316 0.594646930695
-4.56056022644 -1.97035169601 0.262716948986 0.0210329852998 -0.00640745507553 0.803347527981 0.595104515553
-4.60718822479 -1.98329305649 0.26240286231 0.0208996552974 -0.00625717779621 0.802316367626 0.596500217915
-4.65161943436 -1.99892985821 0.260938316584 0.0205232035369 -0.00583882816136 0.804188132286 0.593991696835
-4.70825576782 -2.01568770409 0.260763466358 0.0206231642514 -0.00565938372165 0.802112936974 0.596789240837
-4.73028373718 -2.02875208855 0.26084113121 0.0207693595439 -0.00560974283144 0.802987873554 0.595606923103
-4.78553915024 -2.04116153717 0.261331707239 0.0203744918108 -0.00574417505413 0.802232801914 0.596635878086
-4.83377599716 -2.05753445625 0.264040291309 0.0199412330985 -0.00597677612677 0.802896857262 0.59575432539
-4.85512161255 -2.06151723862 0.261119693518 0.0200420692563 -0.00650546746328 0.803571224213 0.594835460186
-4.90268802643 -2.07243156433 0.266081571579 0.0200720652938 -0.00690438458696 0.802302658558 0.596539914608
-4.9500617981 -2.08713674545 0.265488505363 0.0194866675884 -0.00682705594227 0.804158329964 0.594056427479
-5.012134552 -2.10288715363 0.26571777463 0.0200246032327 -0.00653492752463 0.803534507751 0.594885408878
-5.06023836136 -2.11421632767 0.266459792852 0.0203362200409 -0.00639246404171 0.803307175636 0.595183372498
-5.13566589355 -2.13001275063 0.268593847752 0.0204103272408 -0.00578859634697 0.802208006382 0.596667647362
-5.21051025391 -2.15090680122 0.270021438599 0.0211195107549 -0.00536150531843 0.80237108469 0.596427559853
-5.29303216934 -2.16585659981 0.270759552717 0.021184887737 -0.00509389396757 0.802980422974 0.595606982708
-5.35194587708 -2.18721008301 0.272497117519 0.0218468979001 -0.00424030097201 0.802569806576 0.596142947674
-5.45150184631 -2.21118831635 0.277059823275 0.021666534245 -0.00414010044187 0.801454782486 0.597648501396
-5.50320768356 -2.24110364914 0.280511260033 0.0219996236265 -0.00440758606419 0.802437841892 0.59631383419
-5.57314443588 -2.25875067711 0.286451041698 0.0214714407921 -0.00438692141324 0.802477002144 0.596280515194
-5.68002319336 -2.27622866631 0.283426225185 0.0205820389092 -0.00485450960696 0.802245795727 0.59661924839
-5.7773771286 -2.29597496986 0.283791691065 0.0217397157103 -0.00438853539526 0.801687717438 0.5973315835
-5.82911109924 -2.32155156136 0.287504643202 0.0217258501798 -0.00441733235493 0.803504824638 0.594885349274
-5.91556882858 -2.34205794334 0.294728338718 0.0218090452254 -0.00455757882446 0.801386415958 0.597731888294
-6.04385709763 -2.36144924164 0.297527968884 0.0219459123909 -0.00456366594881 0.79846227169 0.601627409458
-6.15248775482 -2.3827726841 0.299381166697 0.0221301782876 -0.00424988847226 0.793240308762 0.608491659164
-6.22496509552 -2.40817379951 0.307019531727 0.0219696387649 -0.00405704556033 0.789515078068 0.613324463367
-6.33345651627 -2.42823648453 0.299807816744 0.0208655185997 -0.0042144251056 0.784725189209 0.619478166103
-6.38331413269 -2.44525408745 0.300978273153 0.0204312168062 -0.00434853835031 0.78454375267 0.619721591473
-6.46446084976 -2.46284604073 0.30452644825 0.0203351005912 -0.00425040302798 0.782665729523 0.622095584869
-6.56041574478 -2.47984004021 0.306069284678 0.0202221293002 -0.00424461858347 0.778450787067 0.627365529537
-6.64926052094 -2.4959321022 0.309657156467 0.0205293893814 -0.00425877002999 0.777032673359 0.629111051559
-6.72489500046 -2.5079240799 0.308305263519 0.0197802912444 -0.00448551401496 0.777959406376 0.627987086773
-6.82179832458 -2.52730870247 0.312925100327 0.0199840050191 -0.00514404801652 0.779684066772 0.625833034515
-6.86672973633 -2.54838991165 0.315447241068 0.0202470161021 -0.00468812929466 0.780248165131 0.625124752522
-6.939412117 -2.56119513512 0.31040763855 0.0205072257668 -0.00437001790851 0.77940517664 0.626169323921
-7.03980731964 -2.5739030838 0.312631189823 0.0199511703104 -0.00457603670657 0.779229462147 0.626404464245
-7.14300346375 -2.58715701103 0.320272266865 0.0208979379386 -0.0042014378123 0.778294503689 0.627537548542
-7.18802547455 -2.60624146461 0.321933239698 0.0207849107683 -0.00413747224957 0.780487954617 0.624811530113
-7.29625606537 -2.61963796616 0.324690967798 0.0213216766715 -0.00412118108943 0.780055344105 0.625333607197
-7.38687801361 -2.63536930084 0.326885282993 0.0204127989709 -0.00395775726065 0.779175400734 0.626460969448
-7.46986246109 -2.65343308449 0.330940932035 0.0213643312454 -0.00416995538399 0.778847455978 0.626835525036
-7.58284425735 -2.67147684097 0.331133127213 0.0214928761125 -0.00418984610587 0.776354491711 0.629916071892
-7.60790348053 -2.69498276711 0.325756669044 0.0218928512186 -0.00363256665878 0.778872549534 0.626789569855
-7.69980716705 -2.70922756195 0.328676819801 0.0217145811766 -0.00361362099648 0.779251694679 0.626324355602
-7.75987529755 -2.7317097187 0.330278396606 0.0221731811762 -0.00369530031458 0.780574977398 0.624657869339
-7.84011650085 -2.75170111656 0.334912061691 0.0222229473293 -0.0037030284293 0.779640972614 0.625821352005
-7.94185066223 -2.77104210854 0.33635148406 0.0229323413223 -0.0041380492039 0.777798116207 0.628082156181
-7.99516630173 -2.78749418259 0.336951106787 0.021504946053 -0.00361233204603 0.780274987221 0.625056326389
-8.09992313385 -2.81150913239 0.341936171055 0.0217052232474 -0.00355040561408 0.780522525311 0.624740600586
-8.18724250793 -2.82972311974 0.340618729591 0.0209313835949 -0.00364718632773 0.780207753181 0.625159621239
-8.29126834869 -2.84662747383 0.344249606133 0.0204832516611 -0.00418249191716 0.779835402966 0.625635504723
-8.33667850494 -2.86977124214 0.347917616367 0.0198336616158 -0.0037642091047 0.781831800938 0.623162567616
-8.43541145325 -2.89071011543 0.354238420725 0.0200907420367 -0.00386668508872 0.780402779579 0.624942421913
-8.47280216217 -2.91366577148 0.357348233461 0.0195587109774 -0.00357142952271 0.782658696175 0.622133493423
-8.56656455994 -2.93566274643 0.35506901145 0.0203312709928 -0.00360544607975 0.781790971756 0.62319868803
-8.65922260284 -2.95418787003 0.35435128212 0.0203988365829 -0.00355229829438 0.780295372009 0.625068306923
-8.76300430298 -2.97138476372 0.355844050646 0.0216485727578 -0.00283445580862 0.779338121414 0.626223146915
-8.83744525909 -2.99065351486 0.355521142483 0.0218787007034 -0.00260853255168 0.779517829418 0.625992357731
-8.8837223053 -3.00279569626 0.354158252478 0.0224400162697 -0.00155290914699 0.780268728733 0.625039756298
-8.98223781586 -3.02822947502 0.365301340818 0.0215895324945 -0.00174425798468 0.779873013496 0.625562906265
-9.06192588806 -3.04845452309 0.370661199093 0.0215871389955 -0.00202864222229 0.780418038368 0.624882102013
-9.11591529846 -3.06957197189 0.37059378624 0.0216079819947 -0.00205349014141 0.782205104828 0.622642815113
-9.19515228271 -3.08579993248 0.371652454138 0.021957244724 -0.00202752253972 0.782511115074 0.622245967388
-9.29203605652 -3.10768795013 0.372198194265 0.0206524599344 -0.00232475111261 0.779699802399 0.625808596611
-9.38901138306 -3.13437223434 0.375645309687 0.0206198059022 -0.00244495458901 0.780136704445 0.625264465809
-9.4942407608 -3.16409826279 0.374759167433 0.0197951477021 -0.00281938025728 0.780312001705 0.625070691109
-9.53273200989 -3.17722916603 0.378389626741 0.019582554698 -0.00207584025338 0.78129440546 0.623852014542
-9.63927078247 -3.20057630539 0.383608490229 0.0189623720944 -0.00276428600773 0.78033965826 0.625062286854
-9.72004890442 -3.2188577652 0.38854637742 0.0193578377366 -0.00220412784256 0.78076004982 0.624527156353
-9.83296966553 -3.2473449707 0.388250231743 0.0196687746793 -0.00196965993382 0.77980619669 0.625708818436
-9.87417125702 -3.25366401672 0.390235424042 0.0203466527164 -0.00223659165204 0.781772792339 0.62322729826
-9.96042633057 -3.26748728752 0.388598918915 0.0197482202202 -0.00235258159228 0.780754745007 0.624521076679
-10.0346813202 -3.28237652779 0.393711388111 0.0193757470697 -0.00239548296668 0.780458807945 0.624902367592
-10.1254053116 -3.30542612076 0.395114868879 0.0196073576808 -0.00239876285195 0.780465304852 0.624887049198
-10.1692962646 -3.31068086624 0.391610503197 0.0193490888923 -0.00305342487991 0.781906366348 0.623088121414
-10.2480373383 -3.33205652237 0.398755908012 0.0189833305776 -0.00270841736346 0.780568659306 0.624775886536
-10.3491744995 -3.35616850853 0.409721314907 0.0201396029443 -0.00213470868766 0.781276881695 0.623855948448
-10.4408607483 -3.37701368332 0.408070683479 0.0204058885574 -0.00164268270601 0.779563188553 0.625988960266
-10.5127296448 -3.39537978172 0.411267131567 0.0206962153316 -0.00161013728939 0.780635893345 0.624641299248
-10.6012706757 -3.41457700729 0.411175966263 0.0209811925888 -0.00184625596739 0.779523789883 0.62601852417
-10.6465101242 -3.41595363617 0.417343854904 0.0206196922809 -0.00118997460231 0.78295570612 0.621734499931
-10.7425737381 -3.43467020988 0.425326645374 0.0205193907022 -0.000938754354138 0.782185137272 0.622707426548
-10.8091430664 -3.44933176041 0.425914227962 0.0207485407591 -0.000974778027739 0.781855821609 0.623113155365
-10.8924732208 -3.46985888481 0.429674237967 0.0203216765076 -0.00109213136602 0.780829966068 0.624412059784
-10.924870491 -3.47900533676 0.428520053625 0.0202450305223 -0.0020820745267 0.781772136688 0.623232007027
-11.0012111664 -3.49603486061 0.431098610163 0.0202612839639 -0.0015450224746 0.77947217226 0.626107275486
-11.0226993561 -3.50345659256 0.436169713736 0.0200113244355 -0.001645395183 0.781202495098 0.623954832554
-11.0891695023 -3.52545928955 0.437409341335 0.0193928405643 -0.00193686468992 0.779322981834 0.626319229603
-11.1605920792 -3.54862117767 0.434325784445 0.0188312213868 -0.00331549695693 0.779256403446 0.626413524151
-11.1945104599 -3.54594683647 0.440229833126 0.0179885271937 -0.00344003597274 0.781176805496 0.624041199684
-11.256652832 -3.56023240089 0.444593608379 0.0180424228311 -0.0033925587777 0.780936002731 0.624341249466
-11.3229789734 -3.57717847824 0.446678757668 0.0179220065475 -0.00362318754196 0.778951466084 0.626817584038
-11.3464994431 -3.57709264755 0.442297071218 0.0181927252561 -0.00334090436809 0.781403124332 0.62375241518
-11.4098577499 -3.58780264854 0.445282965899 0.0179434660822 -0.0035463552922 0.780147433281 0.625328242779
-11.4636535645 -3.60075068474 0.4467022717 0.0178154744208 -0.00392990605906 0.779831290245 0.625723898411
-11.5409708023 -3.61773324013 0.452601402998 0.0179271921515 -0.00376254459843 0.780086576939 0.62540346384
-11.5878982544 -3.63056278229 0.454949736595 0.0179189704359 -0.00328204082325 0.780908405781 0.624379873276
-11.6174592972 -3.63667607307 0.460259258747 0.0178307127208 -0.00305709149688 0.783232867718 0.621465265751
-11.6756887436 -3.64883089066 0.460822343826 0.0179875642061 -0.00244958978146 0.781977117062 0.623042821884
-11.7400465012 -3.66501116753 0.460886925459 0.0180609319359 -0.00194748933427 0.779771566391 0.625800549984
-11.7564229965 -3.66722130775 0.467406779528 0.0177041068673 -0.00189534656238 0.781880319118 0.623174250126
-11.8206968307 -3.67903065681 0.468280255795 0.017756473273 -0.00191569072194 0.779549539089 0.626085937023
-11.8820762634 -3.69981837273 0.464301884174 0.0173519123346 -0.0022095805034 0.77982711792 0.625750601292
-11.9292345047 -3.71960163116 0.464308798313 0.0173073653132 -0.00306938076392 0.781351625919 0.623843491077
-11.9916992188 -3.73606061935 0.461832761765 0.0174225755036 -0.00306917144917 0.78013253212 0.625364124775
-11.9927139282 -3.73776221275 0.458211690187 0.0173450801522 -0.00778116192669 0.784025192261 0.620437920094
-12.0230941772 -3.73868751526 0.450188308954 0.0184240974486 -0.00764242419973 0.783762037754 0.620740890503
-12.0743312836 -3.75298428535 0.450403302908 0.0183460973203 -0.00716732954606 0.782774090767 0.621994197369
-12.0646743774 -3.75016331673 0.4587918818 0.0182930901647 -0.00446732388809 0.783526241779 0.621073365211
-12.071105957 -3.74908280373 0.463987439871 0.0181212108582 -0.00320523837581 0.78123664856 0.623963654041
-12.109500885 -3.76105976105 0.467634767294 0.017878530547 -0.00345836463384 0.780574142933 0.624797940254
-12.111246109 -3.75585150719 0.466685533524 0.0179131925106 -0.00447491090745 0.783613145351 0.620974719524
-12.0962295532 -3.76096940041 0.466486901045 0.0177091192454 -0.00380990793929 0.784736454487 0.619564831257
-12.0983905792 -3.7622179985 0.466296494007 0.0179560016841 -0.00368122477084 0.783818006516 0.620720088482
-12.1324825287 -3.78230118752 0.467266112566 0.0180915482342 -0.00347359897569 0.779278159142 0.626407384872
-12.1587905884 -3.82898879051 0.464872449636 0.0187213979661 -0.00292689166963 0.76981729269 0.63798302412
-12.0612230301 -3.80496430397 0.45616170764 0.0188596639782 -0.00306351156905 0.75787204504 0.652123391628
-12.0920915604 -3.81733512878 0.459607183933 0.0183167494833 -0.00215905625373 0.721606075764 0.692058146
-12.1086359024 -3.78789424896 0.466544747353 0.0187381301075 -0.000225129973842 0.695133626461 0.718636274338
-12.0968780518 -3.76835656166 0.467517018318 0.0184837486595 0.000533426762559 0.671520292759 0.7407553792
-12.1212120056 -3.76619267464 0.469913512468 0.0180151574314 0.00111303688027 0.648563504219 0.760946512222
-12.1535835266 -3.76802945137 0.471307605505 0.0180878937244 0.00175971654244 0.620294988155 0.784158110619
-12.1471347809 -3.74636054039 0.468886852264 0.0176911354065 0.00259626493789 0.595809698105 0.802926540375
-12.1500329971 -3.71885991096 0.472746640444 0.0179351754487 0.00329740182497 0.565172672272 0.824771046638
-12.090596199 -3.70592474937 0.467414915562 0.0171450469643 0.00394122255966 0.538991093636 0.842127740383
-12.0347032547 -3.70325016975 0.461288720369 0.0170503724366 0.00441914983094 0.513449966908 0.857938766479
-12.0267753601 -3.69278168678 0.462942332029 0.0170106720179 0.00513979559764 0.485059857368 0.87430036068
-12.0308465958 -3.68006229401 0.463264375925 0.0169994756579 0.00578960962594 0.454577744007 0.890525996685
-11.9768791199 -3.68136954308 0.459595650434 0.0172582678497 0.00613058032468 0.425953835249 0.904559493065
-11.9727201462 -3.67511129379 0.461045622826 0.0169545989484 0.00671542668715 0.39449647069 0.918716490269
-11.9378643036 -3.66859507561 0.460757553577 0.0172156319022 0.00739705422893 0.365561842918 0.930598437786
-12.068608284 -3.59868836403 0.475859433413 0.0163232944906 0.00851253606379 0.325682759285 0.945299863815
-12.0805501938 -3.57811045647 0.475729435682 0.0164855197072 0.00892719719559 0.295415401459 0.955184936523
-12.0773611069 -3.56973814964 0.477228611708 0.0163775831461 0.00918331835419 0.258440375328 0.965844750404
-12.0733709335 -3.57046532631 0.477069050074 0.0163009371608 0.0099597396329 0.224187791348 0.974358737469
-12.0803918839 -3.58028960228 0.476346850395 0.0154538257048 0.0105904787779 0.187511563301 0.98208373785
-12.0780038834 -3.5901453495 0.476551651955 0.0145170874894 0.0110808294266 0.153241127729 0.988020062447
-12.043633461 -3.60629439354 0.474140644073 0.0146227711812 0.0115559753031 0.128038078547 0.991594135761
-11.9944200516 -3.63215899467 0.469833046198 0.0142865516245 0.0120467906818 0.113814875484 0.993326246738
-11.98939991 -3.64967727661 0.469564586878 0.0141670955345 0.0121680144221 0.112027525902 0.993529617786
-12.0034408569 -3.6515314579 0.471146315336 0.0138825438917 0.0120972339064 0.11272533983 0.993455588818
-12.0195684433 -3.65647268295 0.475769579411 0.0141615914181 0.0121454624459 0.116806656122 0.992979466915
-12.0302639008 -3.64706420898 0.476657986641 0.0145058138296 0.0120203690603 0.12316211313 0.992207765579
-12.0490074158 -3.62101340294 0.479037731886 0.0148547030985 0.0120002282783 0.129914388061 0.991341292858
-12.0642967224 -3.58682394028 0.479431420565 0.0146554345265 0.0115808229893 0.135711610317 0.990572333336
-12.0938329697 -3.52227783203 0.47860249877 0.0145244356245 0.0117633752525 0.139386668801 0.990061640739
-12.1134977341 -3.47729897499 0.478961378336 0.0145420245826 0.0120204268023 0.138380095363 0.990199506283
-12.1225166321 -3.42335939407 0.48474290967 0.0144026959315 0.0121755693108 0.135598942637 0.990584313869
-12.1323547363 -3.37909007072 0.487146139145 0.0144727444276 0.0117937782779 0.132234305143 0.991042673588
-12.1438131332 -3.34340548515 0.488704144955 0.0147366393358 0.0120630124584 0.131483674049 0.991135418415
-12.153421402 -3.30382633209 0.490735381842 0.0154145024717 0.0122337685898 0.135576173663 0.990571498871
-12.1610956192 -3.23826670647 0.492084473372 0.0152363721281 0.0118671562523 0.13745251298 0.990320086479
-12.1735754013 -3.17921233177 0.490178763866 0.0151060158387 0.0119874347001 0.137110829353 0.990368008614
-12.18891716 -3.11294770241 0.492535889149 0.0148184467107 0.0115256123245 0.135258838534 0.990632474422
-12.192278862 -3.04643440247 0.494972765446 0.014203440398 0.0111393909901 0.133553385735 0.990877211094
-12.2065868378 -2.98730802536 0.494982391596 0.0143430260941 0.0114527223632 0.13364200294 0.990859687328
-12.2200536728 -2.92407870293 0.493459761143 0.0137353921309 0.0108036454767 0.134303063154 0.990786254406
-12.2380914688 -2.85011601448 0.495999455452 0.0135654108599 0.0109111238271 0.136318966746 0.99051207304
-12.2671556473 -2.76994299889 0.498965144157 0.0128022376448 0.0104598496109 0.137096345425 0.990419745445
-12.2955064774 -2.69913458824 0.507557094097 0.0127792647108 0.01077484712 0.135347187519 0.990657269955
-12.3118238449 -2.6316986084 0.510385513306 0.0129456333816 0.0107076736167 0.13456697762 0.99076205492
-12.3342504501 -2.55760622025 0.513382613659 0.0131993386894 0.0108512509614 0.133679568768 0.990877270699
-12.3534889221 -2.46096420288 0.515532374382 0.0132591435686 0.0104771750048 0.135697379708 0.990606248379
-12.3741312027 -2.3737308979 0.519538700581 0.0127281015739 0.0104870852083 0.135826081038 0.990595459938
-12.4087247849 -2.2797768116 0.520690739155 0.0127034364268 0.0100225703791 0.135781377554 0.990606725216
-12.437789917 -2.18761205673 0.525738656521 0.0127446940169 0.010540978983 0.136058077216 0.990562796593
-12.4644451141 -2.11309552193 0.526597380638 0.0120515357703 0.0102985566482 0.135296717286 0.990678310394
-12.4890165329 -2.02898979187 0.531821191311 0.0121570583433 0.0106567963958 0.136215001345 0.990547418594
-12.5090208054 -1.93981087208 0.536153376102 0.0123914917931 0.0107595948502 0.13562592864 0.990624189377
-12.5272779465 -1.85670924187 0.540170967579 0.012271726504 0.0106116058305 0.133450254798 0.990922749043
-12.5548334122 -1.76640057564 0.544360756874 0.0119441514835 0.0105365617201 0.132842302322 0.991009235382
-12.5690364838 -1.68112540245 0.548668682575 0.0119916442782 0.0102099282667 0.133236035705 0.990959227085
-12.6004018784 -1.6034206152 0.546502292156 0.0114410025999 0.010091971606 0.134386450052 0.99081158638
-12.6249341965 -1.51411175728 0.550869524479 0.0118789384142 0.0103581473231 0.135868445039 0.990601539612
-12.6532335281 -1.44443082809 0.555049657822 0.0122104259208 0.0107090808451 0.137424305081 0.990379154682
-12.6824073792 -1.37592458725 0.557100832462 0.0123290456831 0.0107251722366 0.136384814978 0.990521192551
-12.7079229355 -1.28276658058 0.558872938156 0.0126965595409 0.0107314893976 0.135017335415 0.990703761578
-12.7284555435 -1.20390486717 0.563819885254 0.0122191319242 0.0106029184535 0.132583171129 0.991039872169
-12.7467746735 -1.12172496319 0.559103250504 0.0123727200553 0.0108165992424 0.133171528578 0.990956783295
-12.738363266 -1.03225398064 0.565580546856 0.0132537176833 0.010809386149 0.13542380929 0.990640163422
-12.7600955963 -0.952012181282 0.560680866241 0.0125726806 0.00942631345242 0.138633877039 0.990219056606
-12.7825756073 -0.870005786419 0.566570401192 0.0129168517888 0.0104635460302 0.137563064694 0.990353524685
-12.8162984848 -0.780673325062 0.565898895264 0.0130707053468 0.010424181819 0.136725604534 0.990467905998
-12.8471651077 -0.70006942749 0.571737408638 0.012251008302 0.0109322434291 0.137663438916 0.990342974663
-12.8603477478 -0.623686611652 0.570562601089 0.0127291139215 0.0109482891858 0.136722937226 0.990467071533
-12.8845157623 -0.547274827957 0.57625067234 0.012156099081 0.0109996953979 0.138325154781 0.99025118351
-12.8991689682 -0.469030469656 0.577522337437 0.0122425714508 0.010668810457 0.136874318123 0.990455329418
-12.9263687134 -0.402357518673 0.580782592297 0.0119596356526 0.0104752834886 0.136981070042 0.990446090698
-12.9546852112 -0.335575640202 0.577557504177 0.0101545946673 0.0104965204373 0.137057080865 0.990455508232
-12.9692602158 -0.25459843874 0.585883677006 0.00971157569438 0.0107997879386 0.138284429908 0.990286052227
-12.9903202057 -0.193395674229 0.581540942192 0.00953739136457 0.0116935484111 0.138429224491 0.990257382393
-13.0143852234 -0.124516643584 0.58399951458 0.009183277376 0.0117037603632 0.138854756951 0.990201056004
-13.0338697433 -0.0523535981774 0.585734426975 0.00822650175542 0.0121090840548 0.137546211481 0.990387201309
-13.0568628311 0.0144739933312 0.588079929352 0.00913574825972 0.0120348250493 0.136935710907 0.990464746952
-13.0727853775 0.080386467278 0.591658473015 0.0094845071435 0.0121572893113 0.136451095343 0.990526795387
-13.0880470276 0.159842804074 0.596618056297 0.00891744717956 0.011676072143 0.13494040072 0.990744829178
-13.1222352982 0.238805696368 0.596199989319 0.00835020281374 0.0116451987997 0.134696096182 0.990783333778
-13.1398735046 0.307574629784 0.595278501511 0.00850379746407 0.0114205460995 0.135511144996 0.990673542023
-13.1583013535 0.379072159529 0.605603039265 0.00890186801553 0.0121169378981 0.136058077216 0.99058675766
-13.1874427795 0.448613345623 0.607955038548 0.0103102596477 0.0124379200861 0.138343423605 0.990252554417
-13.2055063248 0.52970212698 0.613270938396 0.00984442513436 0.0123674478382 0.13652279973 0.990510821342
-13.2205047607 0.608900368214 0.616557538509 0.0112814260647 0.0130350477993 0.136087968946 0.990546762943
-13.23371315 0.683194756508 0.612896561623 0.0101912785321 0.0127630606294 0.136236578226 0.990541696548
-13.2439203262 0.754740059376 0.612326443195 0.0107444524765 0.0128015121445 0.136668592691 0.990475833416
-13.2582607269 0.830270290375 0.615850687027 0.0106524620205 0.0124293910339 0.134965837002 0.990715026855
-13.2919015884 0.913895249367 0.621849298477 0.0113343149424 0.0126199210063 0.134615525603 0.990752696991
-13.3145036697 0.988067150116 0.625188708305 0.00944772548974 0.0115384422243 0.136550217867 0.990520894527
-13.3392028809 1.0661059618 0.622116684914 0.00992455054075 0.0131617886946 0.136535093188 0.990498125553
-13.3707437515 1.14599239826 0.624383628368 0.00861175637692 0.0122420247644 0.137212887406 0.990428507328
-13.3979415894 1.22087478638 0.625838279724 0.00910243112594 0.0128375142813 0.136776432395 0.9904769063
-13.4197883606 1.30547690392 0.629391014576 0.00885710306466 0.0119919823483 0.13581687212 0.990621805191
-13.4502220154 1.38340044022 0.634277224541 0.00873242877424 0.0118466326967 0.134545564651 0.99079811573
-13.4727725983 1.46333956718 0.635675907135 0.00771177746356 0.0119089186192 0.133746698499 0.99091398716
-13.5083189011 1.53838443756 0.639680147171 0.00797608774155 0.0116047691554 0.134081318974 0.990870296955
-13.5331459045 1.60862052441 0.630355715752 0.00763116544113 0.0117025095969 0.138036519289 0.990328609943
-13.5340166092 1.6884791851 0.639949500561 0.00773478159681 0.0116627886891 0.136512234807 0.990539550781
-13.5689334869 1.76462328434 0.645057201385 0.00774958077818 0.0109456796199 0.134843617678 0.990776181221
-13.5876541138 1.83731007576 0.649205803871 0.00842174980789 0.0106297526509 0.135110735893 0.99073767662
-13.6030454636 1.91962361336 0.652229249477 0.00844317954034 0.0103020789102 0.135449752212 0.990694701672
-13.6254701614 2.00128793716 0.647449970245 0.00688990624622 0.0111618954688 0.134814187884 0.990784108639
-13.6391878128 2.08611154556 0.648007512093 0.00704370159656 0.0109057584777 0.134019374847 0.990893721581
-13.6615419388 2.15767455101 0.652054905891 0.00641787890345 0.010481024161 0.134114891291 0.99088960886
-13.6851511002 2.22180008888 0.657092094421 0.00681798346341 0.0100076226518 0.135476306081 0.990706622601
-13.6924686432 2.29427337646 0.65658724308 0.00634403014556 0.0100079104304 0.135525852442 0.990702986717
-13.7082643509 2.3591966629 0.660037577152 0.00649228179827 0.0103499721736 0.136716157198 0.990534961224
-13.7055845261 2.40549278259 0.661338567734 0.00673776771873 0.0103949634358 0.138149380684 0.990333914757
-13.7161922455 2.46537542343 0.660411894321 0.00655842851847 0.0102273467928 0.136850818992 0.990517199039
-13.7277498245 2.52799248695 0.659134984016 0.0061547528021 0.0103250965476 0.135199576616 0.990745484829
-13.7511301041 2.58632659912 0.659735202789 0.00621005566791 0.00995627325028 0.135111182928 0.990760982037
-13.7744474411 2.65344595909 0.663364589214 0.00532929459587 0.0101373624057 0.136684387922 0.990548431873
-13.7852525711 2.71950984001 0.664586603642 0.0054333563894 0.00981210172176 0.135889232159 0.990660607815
-13.8043794632 2.78235316277 0.665368199348 0.00537268677726 0.0088716307655 0.136500313878 0.990585744381
-13.821896553 2.85081791878 0.669788300991 0.00549945654348 0.00937742460519 0.13669154048 0.99055403471
-13.8375644684 2.90780043602 0.66552144289 0.00495587149635 0.00899726804346 0.136092126369 0.99064296484
-13.8656902313 2.95914673805 0.668403446674 0.00482549658045 0.0092762792483 0.136800214648 0.990543484688
-13.8880434036 3.01302790642 0.669945001602 0.00507513200864 0.00955997500569 0.138146519661 0.99035269022
-13.8910703659 3.05907988548 0.672437369823 0.00583377713338 0.00952754542232 0.13917657733 0.990204572678
-13.9009904861 3.10830283165 0.672706961632 0.0056841452606 0.00940651167184 0.138441056013 0.990309715271
-13.9119968414 3.15468478203 0.672914683819 0.00623330520466 0.00933002214879 0.136441022158 0.990584671497
-13.9305057526 3.1999771595 0.67238754034 0.00468857213855 0.00929734297097 0.136856392026 0.990536153316
-13.9512176514 3.23452425003 0.675165235996 0.00576246436685 0.00951098185033 0.138985574245 0.990231990814
-13.9634904861 3.24395275116 0.675741374493 0.00540482718498 0.00957116205245 0.143027365208 0.989657700062
-13.9564380646 3.25381946564 0.676304876804 0.00491826236248 0.00937540829182 0.140298128128 0.990052700043
-13.9507627487 3.25511980057 0.674985945225 0.00563606899232 0.00954949855804 0.137873098254 0.99038785696
-13.9568576813 3.2489335537 0.674316465855 0.0058400570415 0.00967375002801 0.137659013271 0.990415215492
-13.9493780136 3.2468984127 0.674399256706 0.00562792737037 0.00933328364044 0.138072729111 0.990362167358
-13.9486074448 3.24407076836 0.674865305424 0.0055683334358 0.00942747853696 0.138947159052 0.990239322186
-13.9500217438 3.24602508545 0.675593793392 0.00539705110714 0.00924944505095 0.138236999512 0.990341305733
-13.9570274353 3.24781513214 0.676106095314 0.00529403891414 0.00934319663793 0.137411847711 0.990455806255
-13.9548063278 3.24182271957 0.677072227001 0.00536268437281 0.00914109591395 0.139334723353 0.990188658237
-13.9539394379 3.24240350723 0.676564455032 0.00537922233343 0.00915381219238 0.138574972749 0.990295052528
-13.9528923035 3.2434015274 0.676355183125 0.00531046465039 0.00927704013884 0.139769941568 0.990126311779
-13.9463224411 3.23971700668 0.675525605679 0.0051881163381 0.00928096938878 0.140121459961 0.990077257156
-13.9466867447 3.23838686943 0.675564229488 0.00514449365437 0.00926420837641 0.139924913645 0.990105390549
-13.9550113678 3.23404884338 0.67661011219 0.00519496761262 0.00941306725144 0.143277332187 0.989624202251
-13.9565258026 3.23464250565 0.676561295986 0.00519605400041 0.00938595738262 0.152429908514 0.98825609684
-13.9604644775 3.23242664337 0.676229119301 0.00536772049963 0.009367168881 0.166071891785 0.98605453968
-13.9696102142 3.23220396042 0.676653444767 0.00548786856234 0.00930931419134 0.179918184876 0.983622252941
-13.9737091064 3.23115420341 0.676013231277 0.00535173434764 0.00920487940311 0.194222480059 0.980899751186
-13.9735212326 3.23012948036 0.675743937492 0.00543276080862 0.00929456669837 0.20872348547 0.977915465832
-13.9834823608 3.22932863235 0.674688816071 0.00536217354238 0.00929640699178 0.22260953486 0.974848628044
-13.9920549393 3.22741484642 0.675002038479 0.00540848216042 0.00929572805762 0.239870294929 0.970745384693
-13.9719610214 3.23137688637 0.674779236317 0.0059842732735 0.00861580576748 0.264939844608 0.96420788765
-13.9729700089 3.22859477997 0.674687445164 0.00608939491212 0.0087556745857 0.283578872681 0.958889603615
-13.9743709564 3.23077249527 0.674798905849 0.00637973798439 0.0085028829053 0.307368695736 0.951531112194
-13.9822568893 3.23356604576 0.673146724701 0.00662312889472 0.00831473898143 0.330429941416 0.943770647049
-13.9898681641 3.23237609863 0.673004329205 0.00656232610345 0.00773796392605 0.358105331659 0.933626055717
-14.0003986359 3.22427582741 0.674899041653 0.00671707233414 0.00763062760234 0.38369935751 0.923402130604
-14.009223938 3.21775007248 0.675413191319 0.00714333588257 0.00738501641899 0.407314330339 0.913230240345
-14.0172576904 3.21474456787 0.67566549778 0.00710100866854 0.0071993842721 0.431597292423 0.902009725571
-14.0367794037 3.20932245255 0.674830794334 0.007285005413 0.00730616226792 0.458560079336 0.888603508472
-14.0583639145 3.19523453712 0.675998628139 0.00714106624946 0.00690490333363 0.485404729843 0.874233186245
-14.077665329 3.1802380085 0.675227642059 0.00735050160438 0.00724620511755 0.506389856339 0.862242877483
-14.0776939392 3.17230248451 0.675480306149 0.00742332357913 0.00704516004771 0.531492114067 0.847001433372
-14.0802783966 3.16677641869 0.676338136196 0.00745785795152 0.00673383241519 0.554795503616 0.831926047802
-14.0849494934 3.16593980789 0.674298405647 0.0075126029551 0.00600856915116 0.579632103443 0.814821481705
-14.0826330185 3.16194581985 0.673695802689 0.00770320789889 0.00619043176994 0.603047907352 0.797643721104
-14.0746936798 3.16094493866 0.674110174179 0.00777074182406 0.00566294509917 0.62342518568 0.78182387352
-14.0719070435 3.1450111866 0.673881173134 0.00749778840691 0.00519622908905 0.644610583782 0.764456689358
-14.0649766922 3.12092542648 0.672710478306 0.00746245170012 0.00463348068297 0.667281150818 0.744754135609
-14.0463466644 3.09284996986 0.673420667648 0.00708885677159 0.00477295555174 0.688644587994 0.725048780441
-14.0328836441 3.06317448616 0.672988712788 0.00724277459085 0.00415314780548 0.707957565784 0.706205666065
-13.9995613098 3.02892518044 0.671191334724 0.00724562164396 0.00362572423182 0.727302253246 0.686269462109
-13.983757019 3.00413751602 0.668171465397 0.00726392539218 0.00335847237147 0.746530592442 0.665303051472
-13.9817419052 2.99759483337 0.667801201344 0.00754439551383 0.00322244432755 0.76436817646 0.644727826118
-13.984251976 3.02755880356 0.667135119438 0.00779317226261 0.00305282953195 0.782648146152 0.622408151627
-14.0115118027 3.05680513382 0.668376863003 0.00789188966155 0.00299199298024 0.793154418468 0.608962059021
-14.0208826065 3.08252310753 0.669837296009 0.00780793139711 0.00271272216924 0.79755294323 0.603192448616
-14.0307760239 3.10627102852 0.669783532619 0.0078863222152 0.00269288336858 0.798401772976 0.602067530155
-14.0264530182 3.1168859005 0.669234931469 0.00780584290624 0.00249606440775 0.797647058964 0.603068888187
-14.0233812332 3.11733984947 0.668808460236 0.00781799666584 0.00280794268474 0.798018097878 0.602576255798
-14.0197162628 3.11752676964 0.668506681919 0.00777241960168 0.00269266683608 0.799113571644 0.601123869419
-14.0247516632 3.12781906128 0.669968903065 0.00780411157757 0.00286349281669 0.798250555992 0.602268159389
-14.032201767 3.12353014946 0.670395970345 0.00789885409176 0.00295801064931 0.79733133316 0.60348290205
-14.0380306244 3.10316753387 0.671061813831 0.0081472909078 0.00261807534844 0.798513650894 0.601915895939
-14.0598363876 3.08373093605 0.674284696579 0.00783430598676 0.00264269323088 0.800524830818 0.599242627621
-14.1034040451 3.0820350647 0.675694346428 0.00840283650905 0.00316662737168 0.801596999168 0.59779727459
-14.145647049 3.07873058319 0.675308465958 0.00913674477488 0.00371532514691 0.802633225918 0.596391320229
-14.1775941849 3.06230020523 0.675016880035 0.00928696244955 0.00336053106003 0.799857497215 0.600108742714
-14.2205486298 3.04181241989 0.675010561943 0.0096774995327 0.0037871459499 0.80042219162 0.599346578121
-14.2571659088 3.03623509407 0.676183700562 0.00977451354265 0.00434985430911 0.800934791565 0.598655998707
-14.2797241211 3.03472042084 0.679646730423 0.0098764076829 0.00492974696681 0.801174998283 0.598328351974
-14.3252239227 3.03014206886 0.681230247021 0.010554427281 0.00525189843029 0.80037599802 0.599382400513
-14.3681278229 3.01439571381 0.680989086628 0.0107441861182 0.00554940151051 0.799265265465 0.600856781006
-14.4147167206 3.00230979919 0.680985927582 0.0105024157092 0.0053097885102 0.800075829029 0.599783480167
-14.4771261215 2.98951172829 0.683519423008 0.0109199490398 0.00581573601812 0.798803389072 0.601464986801
-14.5463647842 2.97703003883 0.684240221977 0.0107218008488 0.0057381503284 0.799395561218 0.600682079792
-14.5924472809 2.96541786194 0.68530613184 0.0106175811961 0.00548163056374 0.796477079391 0.604550778866
-14.6646671295 2.95652341843 0.686868548393 0.0103877233341 0.00556236691773 0.789440751076 0.613713741302
-14.7377872467 2.93910551071 0.686317920685 0.0101677076891 0.00566122261807 0.784923315048 0.619483709335
-14.789973259 2.91959571838 0.687713444233 0.0100254639983 0.0052791996859 0.781008124352 0.624418199062
-14.8625431061 2.8993537426 0.692379772663 0.00972462631762 0.00549496989697 0.776581346989 0.629917919636
-14.9419088364 2.88089227676 0.695798575878 0.0101949954405 0.00578965852037 0.773125529289 0.634144604206
-15.0049543381 2.8672118187 0.695670545101 0.0102440882474 0.00579443667084 0.769742310047 0.638246297836
-15.0791120529 2.85203123093 0.696886241436 0.0103169679642 0.00584963103756 0.764463424683 0.644558012486
-15.1616077423 2.83830523491 0.698408544064 0.0103361830115 0.00571578647941 0.75804489851 0.652095496655
-15.2238254547 2.82626390457 0.69802737236 0.00981316249818 0.00556611316279 0.755587399006 0.654950737953
-15.316151619 2.81940031052 0.700917601585 0.00961972586811 0.00548729673028 0.749394714832 0.662030935287
-15.3928050995 2.80356287956 0.702052772045 0.00977007020265 0.00525112077594 0.747429907322 0.664248108864
-15.4762334824 2.79578280449 0.706462919712 0.00956298224628 0.0054091103375 0.742984592915 0.669218420982
-15.5479631424 2.79373502731 0.706126213074 0.00938089191914 0.0052837934345 0.738353252411 0.674328267574
-15.6232414246 2.79097127914 0.707800686359 0.0093638068065 0.00560893444344 0.733762443066 0.67931842804
-15.6997928619 2.78332591057 0.711828231812 0.00948673766106 0.00611805217341 0.728945910931 0.684478282928
-15.7697839737 2.78417038918 0.712942123413 0.00908581167459 0.00633190665394 0.726289272308 0.687299966812
-15.8494033813 2.77731108665 0.717158138752 0.0100033544004 0.00678834598511 0.721275746822 0.692542552948
-15.9275341034 2.77530574799 0.716936647892 0.0100194662809 0.00696607958525 0.718022763729 0.695912659168
-15.993973732 2.77975034714 0.722805500031 0.00975948385894 0.0075187892653 0.71596634388 0.698026180267
-16.0857200623 2.7808675766 0.72609347105 0.00973510555923 0.007608352229 0.714536130428 0.699489414692
-16.1823654175 2.78667783737 0.727195262909 0.00933450739831 0.00775395147502 0.715456843376 0.698551535606
-16.2601776123 2.78159832954 0.730809569359 0.00927809998393 0.00760645233095 0.71736562252 0.696593701839
-16.3343658447 2.77823090553 0.729292094707 0.00856434926391 0.00656839832664 0.718506872654 0.695436120033
-16.4099712372 2.77882862091 0.731819748878 0.00765744969249 0.0052531096153 0.716385185719 0.697643220425
-16.4673881531 2.77589654922 0.731745243073 0.00716181239113 0.00430172495544 0.716855108738 0.697172164917
-16.5521202087 2.77260684967 0.735458910465 0.00719242729247 0.00387332285754 0.715287029743 0.698783099651
-16.639257431 2.76887106895 0.737667500973 0.00655616493896 0.00345734879375 0.716879844666 0.69715732336
-16.7247657776 2.76627802849 0.739383518696 0.00634521292523 0.00368578801863 0.718049287796 0.695953607559
-16.806886673 2.76513457298 0.742159843445 0.00648304307833 0.00327562587336 0.717770695686 0.696241736412
-16.8991546631 2.75999617577 0.750637292862 0.00681825727224 0.00390440761112 0.717458069324 0.696557402611
-16.9761352539 2.76198744774 0.752674639225 0.00665136380121 0.00326274312101 0.71687233448 0.697165131569
-17.0591201782 2.75576114655 0.754308700562 0.00690720090643 0.00331558496691 0.71597135067 0.698087632656
-17.1356544495 2.74865055084 0.750091612339 0.00712532317266 0.00310137984343 0.714103102684 0.699997484684
-17.2236175537 2.74637770653 0.753494679928 0.00692052440718 0.00335898064077 0.715746223927 0.698318064213
-17.3142948151 2.74595355988 0.75407075882 0.00639578979462 0.0033331902232 0.715060412884 0.699025511742
-17.4131908417 2.74383568764 0.756756186485 0.00601074611768 0.00310324248858 0.716332316399 0.697726547718
-17.4958076477 2.74662637711 0.762170314789 0.00540941767395 0.00336480257101 0.71687489748 0.697172701359
-17.5888824463 2.7405025959 0.769823670387 0.00576330302283 0.00363814993761 0.717224776745 0.696808576584
-17.6592350006 2.73970556259 0.77171599865 0.00553144933656 0.00388251757249 0.717027306557 0.69701230526
-17.7423057556 2.7445731163 0.772942662239 0.00427187373862 0.00413377350196 0.715907156467 0.698170185089
-17.828868866 2.74039554596 0.774954199791 0.00453257421032 0.00372870010324 0.715175688267 0.69892013073
-17.9174194336 2.73335957527 0.782148361206 0.0047280844301 0.00369307375513 0.714711546898 0.699393630028
-17.999042511 2.7318842411 0.778310060501 0.0046006841585 0.00341572705656 0.71488815546 0.699215352535
-18.0879249573 2.72202062607 0.780215620995 0.00420974660665 0.00343616050668 0.716453492641 0.69761377573
-18.1847648621 2.72324919701 0.787201762199 0.00378154567443 0.00401208782569 0.716103672981 0.697972238064
-18.2776012421 2.72174167633 0.791695773602 0.00380779244006 0.004080042243 0.714987456799 0.699115037918
-18.3619174957 2.71967315674 0.792993664742 0.00319671072066 0.00344868889078 0.71563911438 0.69845443964
-18.4400844574 2.71770834923 0.79361063242 0.00359734613448 0.00363442744128 0.715232789516 0.698867619038
-18.5135402679 2.70950818062 0.79228168726 0.00390951987356 0.00348700187169 0.715309619904 0.698788046837
-18.6005592346 2.70932579041 0.798255622387 0.00452478602529 0.0037459412124 0.714866638184 0.699236154556
-18.6851654053 2.70648503304 0.797587573528 0.00394924264401 0.00368745368905 0.713923931122 0.700202524662
-18.7806015015 2.70043849945 0.798495352268 0.00364165054634 0.00364118954167 0.715170741081 0.698930859566
-18.8620452881 2.70231151581 0.802969813347 0.00357653107494 0.00390557432547 0.717249274254 0.696796655655
-18.9553585052 2.70087623596 0.809573948383 0.00391317438334 0.00446166703478 0.716678857803 0.697378098965
-19.0369586945 2.69818949699 0.810279905796 0.00366941466928 0.0044811652042 0.716382622719 0.697683632374
-19.1194858551 2.70287275314 0.812800586224 0.00381130119786 0.00444716727361 0.715596675873 0.698489129543
-19.2040290833 2.69720458984 0.813843667507 0.00363249913789 0.00419024284929 0.714864194393 0.699241399765
-19.2832317352 2.69535970688 0.821442127228 0.00384515360929 0.00384039687924 0.714742720127 0.699366390705
-19.3718280792 2.68956899643 0.819554448128 0.00337879545987 0.00388669921085 0.714423060417 0.699695110321
-19.4537334442 2.68211913109 0.821465551853 0.00313032907434 0.00363792991266 0.716301739216 0.697774231434
-19.5262889862 2.68037295341 0.823634326458 0.0026542772539 0.00417688395828 0.7171702981 0.696880400181
-19.5899066925 2.68175244331 0.828360795975 0.00244303862564 0.00384526676498 0.717837154865 0.696196198463
-19.6183395386 2.67874574661 0.830787360668 0.00273733516224 0.00489109894261 0.719326972961 0.694649100304
-19.6345043182 2.67820215225 0.82882630825 0.00293062860146 0.00446302164346 0.718887388706 0.69510602951
-19.645822525 2.6734251976 0.825944721699 0.00306040258147 0.00447406060994 0.720060169697 0.693890452385
-19.6811466217 2.68030643463 0.828708827496 0.00269171991386 0.0046070269309 0.720498979092 0.693435549736
-19.6611194611 2.67332339287 0.828301370144 0.0030598975718 0.00455839233473 0.721737504005 0.692145109177
-19.6442756653 2.67159843445 0.825288951397 0.00332517642528 0.00435269856825 0.720403194427 0.693533837795
-19.6386070251 2.6714360714 0.825401186943 0.00350122596137 0.00451997062191 0.721141457558 0.692764282227
-19.6484985352 2.6778357029 0.826875925064 0.00328085478395 0.00447090202942 0.719456970692 0.694514811039
-19.6618232727 2.68404912949 0.827485322952 0.00304146041162 0.00457892427221 0.719066441059 0.694919586182
-19.6497592926 2.68162536621 0.827928066254 0.00314063671976 0.00458307005465 0.721600532532 0.692287445068
-19.6479816437 2.67772197723 0.826151847839 0.00320154614747 0.00429758010432 0.720665574074 0.693262159824
-19.6636791229 2.68110609055 0.82625836134 0.0027141100727 0.00443367287517 0.719843864441 0.694116532803
-19.651216507 2.68363308907 0.827651083469 0.00311449402943 0.00438367435709 0.724526464939 0.689226090908
-19.6552810669 2.67902374268 0.828652381897 0.00300278770737 0.00445572379977 0.726688742638 0.686945915222
-19.6506595612 2.67503643036 0.827650368214 0.00278302980587 0.00426188483834 0.733169972897 0.680026471615
-19.6592273712 2.67127776146 0.828069448471 0.00308477319777 0.00441878195852 0.73898255825 0.673703074455
-19.6638946533 2.67167019844 0.828855156898 0.00286111235619 0.00435435259715 0.744427204132 0.667683362961
-19.6645412445 2.677038908 0.828014969826 0.00285699311644 0.00427833618596 0.748830735683 0.662741363049
-19.6652488708 2.6751947403 0.829016387463 0.00303759542294 0.00424003880471 0.755854189396 0.654719293118
-19.6532325745 2.66748046875 0.828650355339 0.00301857921295 0.0041499491781 0.763192296028 0.646151125431
-19.660982132 2.66679978371 0.828150808811 0.00310728349723 0.00402917852625 0.768068015575 0.64034807682
-19.6637973785 2.66534900665 0.829526543617 0.00297947367653 0.0039832033217 0.771706521511 0.635959386826
-19.6605587006 2.67258501053 0.829332828522 0.0031366541516 0.00400779256597 0.777824044228 0.628461480141
-19.6679782867 2.66459107399 0.828753173351 0.00299944961444 0.00386673235334 0.783865094185 0.620911836624
-19.6634101868 2.66623926163 0.82982468605 0.00305817183107 0.00385212828405 0.79000377655 0.613082289696
-19.6661262512 2.66557431221 0.829938113689 0.00326370773837 0.00377715821378 0.794340848923 0.607451856136
-19.6648960114 2.66545891762 0.830424547195 0.00325477891602 0.00380076793954 0.79515594244 0.606384396553
-19.6648521423 2.66504025459 0.829730391502 0.00328359706327 0.00384949008003 0.795185089111 0.606345772743
-19.6671829224 2.66729545593 0.82963180542 0.00333829526789 0.00373223610222 0.794671535492 0.607019066811
-19.665348053 2.66365027428 0.829895615578 0.00333987362683 0.00384872034192 0.7949680686 0.606629908085
-19.6608772278 2.66432738304 0.830299198627 0.00341376569122 0.00378594640642 0.794900894165 0.606717944145
-19.6611385345 2.66228270531 0.82987344265 0.0033551461529 0.00388609850779 0.795131981373 0.606414616108
-19.6570701599 2.66042470932 0.829343378544 0.00340306037106 0.00384182669222 0.79604446888 0.605216443539
-19.6538772583 2.66165924072 0.829722225666 0.00319513981231 0.00384717294946 0.796922147274 0.604061365128
-19.653799057 2.65417599678 0.828071296215 0.00345956441015 0.00377150857821 0.802764475346 0.596274256706
-19.6741008759 2.65259242058 0.828867673874 0.00380411604419 0.00369403581135 0.805767118931 0.592208743095
-19.6913280487 2.64312291145 0.829137444496 0.00398583803326 0.00371129158884 0.807547867298 0.589776873589
-19.7191696167 2.62896347046 0.82838344574 0.00397367915139 0.00388241070323 0.806807875633 0.590787768364
-19.7544269562 2.62553453445 0.825879633427 0.0038901953958 0.00398695236072 0.805106639862 0.59310400486
-19.7837696075 2.61535382271 0.824544847012 0.00419424055144 0.00414309278131 0.805714845657 0.592274308205
-19.8282012939 2.59293341637 0.825666308403 0.00445657828823 0.00399261107668 0.808925509453 0.587880730629
-19.8763313293 2.5807697773 0.827977538109 0.00444645248353 0.00413141027093 0.807156741619 0.59030598402
-19.9281520844 2.57205033302 0.828167438507 0.0044137747027 0.00397536484525 0.807241857052 0.590190947056
-19.9768619537 2.55346226692 0.832015037537 0.00458145327866 0.00407495256513 0.806928873062 0.590616762638
-20.0358810425 2.53563141823 0.83193808794 0.00435388321057 0.0042804335244 0.806747972965 0.590864121914
-20.0988101959 2.51636457443 0.836147367954 0.00441764248535 0.00484921922907 0.805634498596 0.59237664938
-20.152885437 2.49696230888 0.839700043201 0.00438351649791 0.00433871382847 0.805842459202 0.592097938061
-20.207901001 2.47751569748 0.838588654995 0.00435376446694 0.00435193115845 0.8066188097 0.591039896011
-20.2813930511 2.46700024605 0.83965909481 0.00406792387366 0.00450287712738 0.805337011814 0.592786252499
-20.3318805695 2.45281219482 0.837924659252 0.00465981848538 0.00423871353269 0.806504905224 0.591193795204
-20.3870105743 2.43467998505 0.840827763081 0.00469320314005 0.00470370659605 0.805340528488 0.592775285244
-20.4438819885 2.4157845974 0.846635520458 0.00463426671922 0.00483380258083 0.805529594421 0.592517793179
-20.4963874817 2.39571642876 0.849517941475 0.0048685381189 0.00483106635511 0.806247770786 0.591538250446
-20.5556144714 2.37658977509 0.850027322769 0.00411203037947 0.00456070061773 0.805629432201 0.592387914658
-20.6160507202 2.35552382469 0.850476443768 0.00431219348684 0.00463476125151 0.806298315525 0.591475248337
-20.6716518402 2.3360414505 0.850320219994 0.0043369224295 0.00459089269862 0.806587815285 0.591080605984
-20.7242794037 2.31282925606 0.851495981216 0.00386315141805 0.00455359136686 0.807749032974 0.589496314526
-20.7884693146 2.29183077812 0.853545665741 0.00377941736951 0.00484191952273 0.806786000729 0.59081184864
-20.8441524506 2.27785539627 0.84873265028 0.00349524640478 0.0040896544233 0.803739130497 0.594957530499
-20.8968601227 2.25234055519 0.854665338993 0.00359642226249 0.0048763868399 0.802300989628 0.596888899803
-20.9571151733 2.21709537506 0.857216000557 0.00369522534311 0.00468992441893 0.79548817873 0.605939745903
-21.0188865662 2.20248365402 0.860758841038 0.00353887700476 0.00496956985444 0.790582299232 0.612325429916
-21.0776748657 2.18580317497 0.863964021206 0.00333743286319 0.00464709242806 0.787683367729 0.616053760052
-21.1488208771 2.16725039482 0.873874485493 0.00363420508802 0.00480335811153 0.782452762127 0.622680783272
-21.2100334167 2.15259289742 0.877089977264 0.00375149096362 0.00487177353352 0.779325425625 0.626589298248
-21.271282196 2.1447095871 0.87875109911 0.00321063608862 0.00484201963991 0.776879251003 0.629622757435
-21.3450374603 2.14171361923 0.87542617321 0.00287521583959 0.00481243198738 0.775704503059 0.631071448326
-21.4231548309 2.13069605827 0.873101651669 0.00304904114455 0.00425479281694 0.775811493397 0.630943059921
-21.4967708588 2.12279486656 0.872630476952 0.00297944061458 0.0041010864079 0.776374936104 0.630250930786
-21.5637798309 2.11059403419 0.869354248047 0.00279981037602 0.00306987925433 0.778044581413 0.628195345402
-21.6413822174 2.09936928749 0.865827322006 0.00283915060572 0.00265025137924 0.777483463287 0.628891468048
-21.7172241211 2.08382940292 0.868830025196 0.00235311151482 0.00182925129775 0.776218950748 0.630456387997
-21.8045310974 2.06428980827 0.868421435356 0.00173061795067 0.00190332485363 0.776653587818 0.629922747612
-21.8869056702 2.0490591526 0.870707213879 0.000910593254957 0.00168450747151 0.777719378471 0.628608763218
-21.9712314606 2.03668832779 0.869589447975 0.00111699954141 0.00205104332417 0.778344750404 0.627832829952
-22.0477809906 2.02958965302 0.879816353321 0.00103918183595 0.00201432802714 0.777516484261 0.62885850668
-22.1238555908 2.01641631126 0.875467121601 0.00149506970774 0.00191050604917 0.777915656567 0.628364086151
-22.2065238953 2.00068879128 0.878313839436 0.00138234009501 0.00158963119611 0.776194095612 0.630490541458
-22.283115387 1.98016774654 0.880930840969 0.00119886605535 0.0017112896312 0.775994241238 0.630736649036
-22.3629550934 1.95830118656 0.883938312531 0.0013360203011 0.00139102945104 0.77458357811 0.632468640804
-22.4457645416 1.94998192787 0.885762751102 0.0015287741553 0.00135537842289 0.774932086468 0.632041275501
-22.514995575 1.92645645142 0.886668026447 0.00178534921724 0.00138823140878 0.775727033615 0.631064593792
-22.5859394073 1.91128754616 0.887655973434 0.00232288520783 0.00134369824082 0.776008963585 0.630716204643
-22.6635684967 1.89376926422 0.888595044613 0.002431711182 0.00143780908547 0.775293588638 0.631594836712
-22.7306537628 1.867015481 0.890191376209 0.00214279280044 0.00133260688744 0.775964438915 0.630771577358
-22.8039665222 1.83979845047 0.894818544388 0.002185622463 0.00153818225954 0.775067806244 0.631872475147
-22.880033493 1.81853914261 0.897540509701 0.00178735842928 0.00168770563323 0.776157855988 0.63053381443
-22.9589118958 1.79579150677 0.899730324745 0.00197966466658 0.00153561250772 0.776439607143 0.630186736584
-23.0292949677 1.77543973923 0.90264493227 0.00182295485865 0.00169456994627 0.775660216808 0.631145894527
-23.0984287262 1.75351858139 0.902335166931 0.00262092892081 0.00119391421322 0.775977313519 0.630754292011
-23.1625270844 1.74827587605 0.902791202068 0.00270869536325 0.00110400409903 0.776072144508 0.630637407303
-23.2267932892 1.73557722569 0.899620294571 0.00253935181536 0.00106975331437 0.776168346405 0.630519688129
-23.2914237976 1.71316325665 0.898564279079 0.00254401937127 0.00150948134251 0.775359213352 0.631513595581
-23.3374977112 1.69573688507 0.898580610752 0.00245993142016 0.00102791236714 0.776475012302 0.630142331123
-23.4035358429 1.67265319824 0.900445997715 0.00241093174554 0.00131068425253 0.776587843895 0.630003094673
-23.4670810699 1.66638457775 0.89860111475 0.00235832226463 0.000924659834709 0.774909317493 0.63206744194
-23.5267162323 1.66942620277 0.898323595524 0.00236713374034 0.00101536605507 0.774474084377 0.632600486279
-23.5882930756 1.65338790417 0.900111615658 0.00210404838435 0.00123442884069 0.775722265244 0.631069719791
-23.6450386047 1.65633058548 0.900678157806 0.00230095721781 0.00097508757608 0.775296449661 0.63159263134
-23.699930191 1.66325187683 0.901574909687 0.00240327557549 0.000655141368043 0.773948132992 0.633244097233
-23.7655982971 1.64495611191 0.907167971134 0.00231598457322 0.000974282273091 0.774862349033 0.632124960423
-23.8401412964 1.54396390915 0.915575325489 0.00251871556975 0.00129481358454 0.780629217625 0.624988019466
-23.9004020691 1.53435885906 0.914235413074 0.00214895932004 0.00149461126421 0.779351592064 0.626581430435
-23.9762592316 1.51981925964 0.921681106091 0.00286408723332 0.00109205511399 0.779539883137 0.626345098019
-24.0561199188 1.5260720253 0.925055742264 0.00245998543687 0.00158503232524 0.777150332928 0.629308283329
-24.1271915436 1.52702867985 0.922473728657 0.00214923871681 0.0015237837797 0.777032136917 0.629455447197
-24.21144104 1.51887774467 0.932552874088 0.00287747033872 0.00140620477032 0.776096105576 0.630606591702
-24.290019989 1.52743387222 0.934197127819 0.00270569627173 0.0016118530184 0.774901628494 0.632074058056
-24.355588913 1.52226662636 0.935777008533 0.00295519107021 0.001355195418 0.774621903896 0.632416307926
-24.4064064026 1.42518866062 0.944862663746 0.00307293888181 0.00165246729739 0.779535114765 0.626348793507
-24.4860305786 1.40618991852 0.95017427206 0.00298981997184 0.00165826489683 0.777587592602 0.628765404224
-24.5706443787 1.40550327301 0.961598813534 0.00268450914882 0.00193697202485 0.776218116283 0.630455732346
-24.6225852966 1.39612400532 0.966103374958 0.00264685996808 0.00208811019547 0.777104854584 0.629362165928
-24.6614322662 1.40898013115 0.96639496088 0.0027406772133 0.00165121175814 0.776309072971 0.630344450474
-24.6686649323 1.40394759178 0.965101540089 0.00344304786995 0.00147493265104 0.774852454662 0.632131040096
-24.6967067719 1.36834430695 0.965272784233 0.00308482255787 0.00170497922227 0.775809049606 0.630957841873
-24.7531013489 1.36989974976 0.958802938461 0.00346808042377 0.000927672197577 0.774804294109 0.632191002369
-24.869310379 1.37300205231 0.965345144272 0.00298131187446 0.00193814584054 0.775431156158 0.631422102451
-24.9550609589 1.35132777691 0.97114187479 0.00321113038808 0.00168034853414 0.776138961315 0.63055151701
-25.0003986359 1.30214214325 0.97862637043 0.0031360371504 0.00183486274909 0.776737332344 0.629814147949
-25.023147583 1.1910752058 0.973213016987 0.00422458723187 0.00124950439204 0.778435349464 0.627709329128
-25.0836219788 1.121925354 0.988250017166 0.00402260478586 0.00151609175373 0.777132332325 0.629322528839
-25.142786026 1.20510911942 1.00017309189 0.00393303669989 0.00198886706494 0.77933883667 0.626587152481
-25.2547569275 1.24037587643 1.00244855881 0.00491205602884 0.000746523612179 0.777903616428 0.628364026546
-25.3297519684 1.24086165428 1.00999629498 0.0048064221628 0.00109280913603 0.776198923588 0.630468845367
-25.3971424103 1.25812900066 1.02070474625 0.0062793167308 0.000344836880686 0.775976359844 0.630730688572
-25.462928772 1.26420927048 1.02649223804 0.00604557339102 0.000486222677864 0.776191055775 0.630468606949
-25.4988937378 1.17010188103 1.02929079533 0.00573961343616 0.000889635062777 0.781302630901 0.624125361443
-25.5482616425 1.14621269703 1.03583323956 0.00608377391472 0.000890706083737 0.77858787775 0.627505421638
-25.5984916687 1.11548531055 1.04733121395 0.00551010435447 0.00105588173028 0.776868402958 0.629638075829
-25.6398296356 1.08654916286 1.05633509159 0.00681231636554 0.000272110773949 0.776816010475 0.62969070673
-25.7037525177 1.0714174509 1.09060370922 0.00674159638584 0.000937079254072 0.777421295643 0.628943383694
-25.760931015 1.03797662258 1.10975623131 0.00354944821447 0.00287289614789 0.779052436352 0.62694221735
-25.7778491974 0.998357176781 1.15312337875 0.00401031691581 0.00191180978436 0.777999997139 0.62824857235
-25.7351226807 1.03493738174 1.07456755638 0.00560538331047 0.00131963181775 0.778440177441 0.627692401409
-25.7256374359 1.05369889736 1.07351601124 0.00765253510326 -0.000341172359185 0.778766274452 0.627267479897
-25.6994895935 1.05934989452 1.07928407192 0.00692813238129 0.000262423011009 0.778717279434 0.627336740494
-25.7107715607 1.05199050903 1.07629013062 0.006860954687 0.000235234285356 0.777534723282 0.628802537918
-25.7010688782 1.05285394192 1.07191228867 0.00744279287755 -0.000183721480425 0.777059733868 0.62938284874
-25.7106609344 1.05707347393 1.06937646866 0.00716595025733 0.000108181331598 0.776199102402 0.630447208881
-25.7073535919 1.0662727356 1.07013571262 0.00772074982524 -0.000288406008622 0.776945233345 0.629520893097
-25.7107143402 1.06797635555 1.07286560535 0.00744926836342 1.41582393098e-06 0.776956439018 0.62951028347
-25.7188224792 1.06109774113 1.07499110699 0.0072179925628 0.000126637794892 0.775084793568 0.631815969944
-25.7427024841 1.04862272739 1.07670807838 0.00666820304468 0.00052466057241 0.772212862968 0.635328829288
-25.7476444244 1.04077923298 1.07394111156 0.00677006831393 0.000348425935954 0.771575570107 0.636101484299
-25.7637634277 1.02101624012 1.07681715488 0.00659756083041 0.00039243788342 0.770236074924 0.637724578381
-25.7715816498 1.00679516792 1.07935106754 0.00674276333302 0.000353246636223 0.769506454468 0.638603329659
-25.7872028351 0.987602591515 1.07786297798 0.00630990741774 0.000416235357989 0.768838167191 0.639412164688
-25.8139209747 0.968063414097 1.08221077919 0.00587272224948 0.000726994068827 0.767233490944 0.641340494156
-25.8326244354 0.954416930676 1.08675897121 0.00539993308485 0.00122706312686 0.767057776451 0.641554176807
-25.7759170532 1.00025188923 1.08705866337 0.00653372006491 0.000803580274805 0.771388471127 0.636330544949
-25.784488678 0.988543331623 1.08249533176 0.0066920244135 0.000312122399919 0.770629882812 0.637247860432
-25.7958660126 0.976836562157 1.08192312717 0.00678069749847 -0.000102219986729 0.769050240517 0.639152407646
-25.836359024 0.979161024094 1.086556077 0.00601150700822 0.000746245961636 0.768779814243 0.639484882355
-25.8738822937 0.970557749271 1.09150516987 0.00587195530534 0.000647559587378 0.7678180933 0.640640735626
-25.8931808472 0.973891913891 1.09512102604 0.00523966224864 0.00111892959103 0.766489386559 0.642234623432
-25.8415908813 0.984638154507 1.09244632721 0.0068179173395 0.000511388876475 0.770657360554 0.637212991714
-25.7943611145 1.00377392769 1.08061659336 0.0074937841855 -0.000585973146372 0.770808339119 0.637022852898
-25.7661933899 1.00629210472 1.08078873158 0.00693949125707 0.000292716111289 0.771720170975 0.635924339294
-25.7726306915 1.0059158802 1.07680952549 0.00734818447381 -0.000440302916104 0.772364974022 0.635136425495
-25.7903862 0.976892828941 1.08077716827 0.00762801524252 -0.000591549265664 0.771891534328 0.635708272457
-25.7972049713 0.963298261166 1.0799087286 0.00735519174486 -0.000155639092554 0.770509719849 0.637385725975
-25.8294658661 0.957415759563 1.08083736897 0.00715623376891 -0.00031960112392 0.76796323061 0.640453934669
-25.8421649933 0.964736759663 1.088960886 0.00683103688061 0.000904105836526 0.767078340054 0.641516506672
-25.8613929749 0.969011664391 1.09000957012 0.00658128270879 0.00129516294692 0.766327142715 0.642415583134
-25.8772106171 0.966905474663 1.09318554401 0.00620950665325 0.00181140215136 0.766380608082 0.642354249954
-25.8973655701 0.984477818012 1.0961587429 0.00620498694479 0.00163833226543 0.763441622257 0.64584505558
-25.9107894897 0.981477081776 1.08963489532 0.00658950954676 0.00121522403788 0.763482570648 0.645793795586
-25.9237060547 0.993836283684 1.09359061718 0.0055397991091 0.0021434344817 0.760927438736 0.648809850216
-25.919128418 1.00384259224 1.08942902088 0.00597872305661 0.00185962149408 0.761069774628 0.648639857769
-25.9527606964 1.02412819862 1.08853471279 0.00621581729501 0.0016551532317 0.757289290428 0.653047978878
-25.9568328857 1.03526937962 1.08776724339 0.00738677801564 0.000571063661482 0.756087064743 0.654429197311
-25.9576892853 1.03547298908 1.08462107182 0.00760951498523 0.000155974223162 0.755809545517 0.654747366905
-25.9678897858 1.05950701237 1.08014178276 0.00845065806061 -0.000154045017553 0.752884447575 0.658098459244
-25.9713802338 1.07665014267 1.07280218601 0.00860617589206 -0.000767247285694 0.752926707268 0.658047556877
-25.9618988037 1.08429348469 1.07360327244 0.00798870529979 -0.000391622394091 0.752075135708 0.659028887749
-25.9650802612 1.10549330711 1.0746922493 0.00675433268771 3.98737793148e-05 0.751846909523 0.659303128719
-25.975189209 1.14214253426 1.06798923016 0.00696722138673 -9.29342058953e-05 0.75035738945 0.660995662212
-26.0144729614 1.14742982388 1.08083415031 0.00577487191185 0.000717466464266 0.749870240688 0.661559402943
-26.0515842438 1.17806458473 1.08743977547 0.00423598941416 0.00173814897425 0.747663140297 0.664062440395
-26.0655021667 1.22409069538 1.09639954567 0.000492488499731 0.00420369394124 0.745529949665 0.666458666325
-26.0304718018 1.19266092777 1.09728062153 -0.00183717394248 0.00560498097911 0.748319327831 0.663312494755
-25.985830307 1.17855072021 1.09310209751 -0.00040666849236 0.00459085870534 0.749185919762 0.662343800068
-25.9820728302 1.21636652946 1.0956017971 -0.0019420797471 0.00548344664276 0.747222840786 0.664548158646
-25.9494419098 1.24057352543 1.090264678 -0.00135054171551 0.00497293332592 0.747104883194 0.664686262608
-25.963766098 1.23848366737 1.090949893 -0.00260648713447 0.00568182952702 0.746889173985 0.664919197559
-25.9634609222 1.25076031685 1.09309446812 -0.00274958205409 0.00597860757262 0.744948089123 0.667090058327
-25.979347229 1.17992770672 1.09760928154 -0.00142480013892 0.00520904827863 0.749242126942 0.662274181843
-25.9808712006 1.18597638607 1.10559439659 -0.00273601780646 0.0060275751166 0.747054636478 0.664729714394
-25.9881763458 1.14247298241 1.10685920715 -0.000299744307995 0.0050435164012 0.748804152012 0.662772059441
-25.9877967834 1.15867030621 1.10895180702 -0.00306356232613 0.00617007352412 0.74918282032 0.662327528
-25.9902362823 1.13728106022 1.10847270489 -0.00184079632163 0.00577761372551 0.748930037022 0.662621319294
-25.9917793274 1.15746116638 1.11504995823 -0.00408748397604 0.00691531319171 0.747880280018 0.663785099983
-26.0065097809 1.17729783058 1.1160223484 -0.0038937360514 0.0067686541006 0.747391104698 0.664338469505
-26.0214118958 1.18479084969 1.12454879284 -0.00493028154597 0.00744232628495 0.746330916882 0.665515244007
-26.029417038 1.20985722542 1.12872326374 -0.00510666100308 0.00775305973366 0.746011376381 0.665868520737
-26.0544586182 1.24558365345 1.12695240974 -0.00503089185804 0.00759554607794 0.745147943497 0.666836977005
-26.0578079224 1.25615811348 1.13645482063 -0.00552836060524 0.00828532315791 0.744188964367 0.667894899845
-26.0718784332 1.27489078045 1.13952863216 -0.00519811687991 0.00836494658142 0.743358254433 0.668821036816
-26.0778865814 1.28376531601 1.14153027534 -0.005230945535 0.00853161793202 0.743751347065 0.66838145256
-26.0769271851 1.28833734989 1.13731360435 -0.00429840339348 0.00762478774413 0.742937386036 0.669303715229
-26.0448150635 1.16563844681 1.11976969242 5.78608851356e-05 0.00535343168303 0.749264359474 0.662249386311
-26.0368518829 1.16324794292 1.11327600479 0.000911203969736 0.00488041015342 0.748717904091 0.662870228291
-26.0434913635 1.19248640537 1.12336587906 -0.00241813645698 0.00666685728356 0.746531963348 0.665311872959
-26.06208992 1.24180340767 1.1523411274 -0.00780988205224 0.0093442434445 0.745377779007 0.666531145573
-26.0668239594 1.24973154068 1.16678786278 -0.00851800199598 0.00943437870592 0.746260166168 0.665533065796
-26.0665645599 1.26357364655 1.16773760319 -0.00784107111394 0.0100358240306 0.746828317642 0.664894998074
-26.0756168365 1.2851831913 1.16976892948 -0.00847016926855 0.0101426430047 0.74527746439 0.666623532772
-26.0428276062 1.17929518223 1.18220281601 -0.00892311427742 0.0124317286536 0.752857685089 0.658005475998
-26.0295619965 1.10348856449 1.26965761185 -0.0145076327026 0.0267669819295 0.753355205059 0.656908690929
-26.0065326691 1.09018886089 1.4109197855 -0.00490652862936 0.0334175080061 0.754846632481 0.655031144619
-26.0118408203 1.10152900219 1.4343034029 -0.00689336191863 0.0313429608941 0.753249108791 0.656952023506
-26.0127429962 1.07111263275 1.56807088852 -0.00936949532479 0.0367718972266 0.756290078163 0.653135061264
-26.0127811432 1.08176612854 1.60478627682 -0.00983414426446 0.0360115021467 0.75450950861 0.655226647854
-26.020318985 1.07018971443 1.62877035141 -0.0101509178057 0.0353223122656 0.754044353962 0.6557944417
-26.0242729187 1.0596678257 1.60948610306 -0.00864832382649 0.0308896359056 0.754691958427 0.655294656754
-26.0328788757 1.05341184139 1.60088610649 -0.00560357328504 0.0260709132999 0.755043208599 0.655132591724
-26.0335903168 1.05445039272 1.60139143467 -0.00599310453981 0.0265449248254 0.754819631577 0.655367553234
-26.0337352753 1.06392204762 1.60101211071 -0.00499846972525 0.0258103497326 0.753453552723 0.656975328922
-26.0332298279 1.06977772713 1.6063952446 -0.00569629808888 0.0262944661081 0.753152489662 0.657295584679
-26.0382194519 1.07078170776 1.59850752354 -0.00526167964563 0.0257407370955 0.753173172474 0.657297492027
-26.0338859558 1.07154917717 1.60176789761 -0.00534308329225 0.0257212799042 0.7541025877 0.656231045723
-26.0355548859 1.08765566349 1.60082435608 -0.00515603553504 0.0258213691413 0.752921283245 0.657583594322
-26.0411071777 1.10131573677 1.59641611576 -0.00499637937173 0.0255836900324 0.753183424473 0.657293915749
-26.0215358734 1.06432414055 1.58814907074 -0.00578215252608 0.0259479414672 0.758607506752 0.651005327702
-26.0194721222 1.06854391098 1.60152375698 -0.0058357915841 0.0261670909822 0.758092701435 0.651595592499
-26.024105072 1.0722527504 1.60081338882 -0.00530836498365 0.0258237589151 0.755665183067 0.654427289963
-26.0327892303 1.0827896595 1.59422385693 -0.00549282925203 0.0257062744349 0.754265189171 0.656043469906
-26.034198761 1.08249509335 1.59024858475 -0.00555678876117 0.025959674269 0.754468917847 0.655798733234
-26.0373630524 1.08101904392 1.59062826633 -0.00563448201865 0.0260134041309 0.75314861536 0.657311797142
-26.0384101868 1.08923530579 1.59187853336 -0.0060069328174 0.0262115877122 0.754571139812 0.655667066574
-26.0454673767 1.09380948544 1.58814322948 -0.00558453286067 0.0256317984313 0.754145860672 0.65618288517
-26.0469989777 1.09875369072 1.58830034733 -0.00566470064223 0.0259445980191 0.753091335297 0.657379925251
-26.0530948639 1.11343443394 1.58323848248 -0.00575842242688 0.0257069859654 0.75307816267 0.65740352869
-26.0516719818 1.10970759392 1.58812308311 -0.00604254100472 0.0261227414012 0.753061115742 0.657404005527
-26.0565662384 1.11576902866 1.58561384678 -0.00587266962975 0.0258533619344 0.752848625183 0.657659590244
-26.0629062653 1.12202310562 1.580072999 -0.00575051596388 0.0257914103568 0.753075242043 0.65740352869
-26.0594997406 1.12453937531 1.58203113079 -0.00571072148159 0.0257641468197 0.753090977669 0.657386958599
-26.0582237244 1.12186336517 1.58056092262 -0.00582221942022 0.0258912704885 0.754584789276 0.655665755272
-26.0583438873 1.13003027439 1.573797822 -0.00557876098901 0.0254198797047 0.753294587135 0.657168209553
-26.0589046478 1.14343309402 1.56459057331 -0.0056460252963 0.025358621031 0.751849710941 0.658822536469
-26.0666465759 1.16051900387 1.5574324131 -0.00577130215243 0.0254516918212 0.751559138298 0.659149289131
