-2.05160927773 -12.5285711288 -0.172900944948 0.0210035126656 0.00585949560627 0.196968853474 0.980167269707
-2.05112791061 -12.530834198 -0.171442776918 0.0208070799708 0.00599182490259 0.197183907032 0.980127394199
-2.05478978157 -12.5281009674 -0.173208117485 0.0209251791239 0.00501092802733 0.197459474206 0.980074882507
-2.05207133293 -12.5307655334 -0.167336195707 0.0204956643283 0.00675849849358 0.198596358299 0.979843735695
-2.05339002609 -12.5289802551 -0.171961516142 0.0210345108062 0.00544225471094 0.196984246373 0.9801658988
-2.05445432663 -12.528386116 -0.168582648039 0.0205720737576 0.00595218595117 0.197797745466 0.980008900166
-2.05445504189 -12.5327978134 -0.170534238219 0.020953444764 0.00508122239262 0.197807088494 0.980003833771
-2.05123853683 -12.5291557312 -0.171762630343 0.0206734593958 0.00639446871355 0.196973860264 0.980169892311
-2.05064487457 -12.531288147 -0.170579865575 0.0207713805139 0.00599271757528 0.197369381785 0.980090796947
-2.05429601669 -12.5289297104 -0.165302500129 0.0204577147961 0.00623251404613 0.199187219143 0.979728102684
-2.05819225311 -12.5324993134 -0.161970630288 0.0207782015204 0.00533229671419 0.202373579144 0.97907346487
-2.06464290619 -12.523358345 -0.160485178232 0.0210488904268 0.00562547100708 0.207895696163 0.977908313274
-2.06408953667 -12.511256218 -0.162652224302 0.0213326085359 0.00519430311397 0.212347909808 0.976947426796
-2.06518673897 -12.4974431992 -0.160245850682 0.0208378080279 0.00555017450824 0.211433276534 0.977154552937
-2.07596945763 -12.475944519 -0.162631571293 0.0210648328066 0.00491030327976 0.209047436714 0.977666258812
-2.08516335487 -12.4558486938 -0.162357166409 0.0210346598178 0.00547832716256 0.207960247993 0.977895736694
-2.09284377098 -12.4412889481 -0.154818579555 0.0213084667921 0.00511561473832 0.209339424968 0.977597475052
-2.09817552567 -12.4235105515 -0.149658933282 0.0210044737905 0.00494085764512 0.209644421935 0.977539598942
-2.10678076744 -12.4007673264 -0.150694981217 0.0212550330907 0.00468306988478 0.210728660226 0.977302312851
-2.12313604355 -12.3675794601 -0.146977320313 0.0210605990142 0.00433162553236 0.209781035781 0.977511942387
-2.14264822006 -12.3302650452 -0.141092434525 0.0210698470473 0.00399820087478 0.209908872843 0.977485775948
-2.1611764431 -12.287902832 -0.138303652406 0.0210005957633 0.00401677191257 0.209884315729 0.977492392063
-2.1755156517 -12.2533483505 -0.136753946543 0.0211687218398 0.00438781827688 0.210166558623 0.977426588535
-2.18988752365 -12.2184514999 -0.134866088629 0.0214813295752 0.00516482489184 0.210231676698 0.977401912212
-2.21227836609 -12.1770267487 -0.13133507967 0.0215253662318 0.00510843424127 0.209831669927 0.977487206459
-2.22545933723 -12.1407060623 -0.132180050015 0.0214093215764 0.00462010595948 0.209144845605 0.977639377117
-2.24991488457 -12.0926246643 -0.131936922669 0.0215431321412 0.00472448114306 0.208545088768 0.977764070034
-2.27010202408 -12.0453262329 -0.132179811597 0.0214754324406 0.00420038076118 0.208772465587 0.977719426155
-2.29325652122 -11.99477005 -0.130381822586 0.0215632710606 0.00447087688372 0.209716588259 0.977514207363
-2.31775426865 -11.9419412613 -0.126149520278 0.0215986911207 0.00449278624728 0.21017973125 0.977413833141
-2.33861756325 -11.8897800446 -0.130872949958 0.0216733217239 0.00529006868601 0.208194375038 0.977833032608
-2.35453724861 -11.8359966278 -0.129863858223 0.0211145281792 0.00418940698728 0.203065976501 0.97892844677
-2.37562990189 -11.776763916 -0.129513040185 0.020279886201 0.00270251859911 0.197328850627 0.980123877525
-2.39880537987 -11.7123022079 -0.123416483402 0.0193895362318 0.00160379859153 0.191713601351 0.981258094311
-2.41871285439 -11.6483192444 -0.118508197367 0.0183057170361 0.00121173379011 0.186648309231 0.982255518436
-2.44453072548 -11.5855455399 -0.116345584393 0.0182245764881 0.00214232411236 0.179710134864 0.983548462391
-2.4612903595 -11.5265197754 -0.110306419432 0.0174871459603 0.00359995779581 0.175035431981 0.984400272369
-2.49363493919 -11.4620304108 -0.108607672155 0.0183287095279 0.00625606719404 0.169948756695 0.985262572765
-2.52170562744 -11.3947782516 -0.103083953261 0.0178968384862 0.00869214814156 0.171401485801 0.985000371933
-2.54258799553 -11.3185329437 -0.0535198897123 0.0138963507488 0.0173579677939 0.174568027258 0.984394013882
-2.56277966499 -11.2396745682 -0.0433059707284 0.0148265361786 0.0154042998329 0.17659907043 0.984050631523
-2.5876224041 -11.1603870392 -0.0380950681865 0.0148898176849 0.0149436444044 0.175496399403 0.984254002571
-2.61426091194 -11.0850801468 -0.0412356890738 0.0149282924831 0.0145069211721 0.17321062088 0.984664857388
-2.63685584068 -11.0141839981 -0.0460908412933 0.0146838156506 0.0136868339032 0.171717986465 0.984941661358
-2.65836954117 -10.9543876648 -0.0422929637134 0.0151112191379 0.0144482487813 0.172520592809 0.984784066677
-2.69290971756 -10.8790817261 -0.0416342020035 0.015095654875 0.0130453659222 0.172843396664 0.984747231007
-2.71926784515 -10.802447319 -0.0349736623466 0.0147430617362 0.0125464461744 0.172050282359 0.984897971153
-2.74224758148 -10.7311620712 -0.0375343859196 0.0152887431905 0.0123121337965 0.173394665122 0.984656751156
-2.77554106712 -10.6524505615 -0.0411853194237 0.015377741307 0.012678751722 0.175166621804 0.984337031841
-2.80184268951 -10.5799894333 -0.0358630381525 0.0150558827445 0.0123718176037 0.175588995218 0.984270691872
-2.83111381531 -10.5045089722 -0.0298867933452 0.0157661605626 0.0132841654122 0.174929738045 0.984365046024
-2.84995412827 -10.4353580475 -0.0339311994612 0.0149049768224 0.0112174255773 0.175230145454 0.98435074091
-2.87263774872 -10.361123085 -0.0273852031678 0.0157158970833 0.0135106807575 0.173600554466 0.984598100185
-2.89922523499 -10.2896413803 -0.0280161611736 0.0158978570253 0.0128577984869 0.173650816083 0.984595000744
-2.92707538605 -10.2166833878 -0.0239148773253 0.0159455183893 0.0128789218143 0.172483131289 0.984799206257
-2.96040344238 -10.1394071579 -0.0238420609385 0.0156331583858 0.0123871900141 0.172803416848 0.984754383564
-2.98788142204 -10.0659942627 -0.0189136844128 0.0158012341708 0.0130530744791 0.173614725471 0.984600365162
-3.01626181602 -9.98039627075 -0.0223585106432 0.0153041370213 0.0111635206267 0.172530412674 0.984822034836
-3.03131747246 -9.91508388519 -0.0155324358493 0.0158201791346 0.0126490406692 0.172370225191 0.984824001789
-3.06268572807 -9.84303474426 -0.0159083232284 0.0170441158116 0.013089553453 0.173007920384 0.984685957432
-3.09681749344 -9.76905918121 -0.0195034202188 0.0178254041821 0.0135905276984 0.173238113523 0.984624862671
-3.1222550869 -9.69558048248 -0.0181502904743 0.0180900264531 0.0133558660746 0.17286862433 0.984688222408
-3.14291810989 -9.61781978607 -0.0131970532238 0.0170531794429 0.0129923988134 0.172529533505 0.98477101326
-3.17147707939 -9.54012966156 -0.00884846411645 0.0171991605312 0.0126832406968 0.17198741436 0.984867334366
-3.20816493034 -9.45740318298 -0.00584416929632 0.0168829653412 0.0135374106467 0.172749236226 0.984728097916
-3.23494720459 -9.38705158234 -0.00703159812838 0.0160184539855 0.0131326345727 0.173596665263 0.984598994255
-3.25897884369 -9.3095703125 -0.00106422975659 0.0159710980952 0.0138021325693 0.173776611686 0.984558880329
-3.29049110413 -9.23777866364 0.00550743239 0.0165140647441 0.0139747932553 0.174367293715 0.9844430089
-3.31404829025 -9.16155052185 0.00285934237763 0.0151320574805 0.0129507593811 0.174222782254 0.984504818916
-3.33891844749 -9.08692455292 1.37276992973e-06 0.0162151064724 0.0135572412983 0.174308791757 0.984464168549
-3.36368083954 -9.01182937622 0.00627570319921 0.015201096423 0.0128396870568 0.174613893032 0.984435915947
-3.39028429985 -8.9321641922 0.0111417742446 0.0151281831786 0.0132431844249 0.173191800714 0.984682917595
-3.42266917229 -8.85861587524 0.00966275855899 0.0146774193272 0.0122578656301 0.174037069082 0.984553396702
-3.45557785034 -8.7759475708 0.00974846445024 0.0144927259535 0.012005649507 0.173014968634 0.984739422798
-3.4807946682 -8.69575691223 0.011828398332 0.0139138577506 0.0114012509584 0.174624025822 0.984470844269
-3.50915956497 -8.61656284332 0.0159792955965 0.0142623884603 0.0119256814942 0.172561347485 0.984823346138
-3.53435325623 -8.54725933075 0.0184210594743 0.014324654825 0.0118905995041 0.173911139369 0.984585404396
-3.57377243042 -8.48031616211 0.0247048288584 0.0154566112906 0.012330673635 0.174006506801 0.984546005726
-3.58694601059 -8.40325450897 0.0257300324738 0.0150395594537 0.0118426047266 0.172709599137 0.984786748886
-3.61583089828 -8.33056545258 0.0285461787134 0.0147198112682 0.0114730941132 0.17249211669 0.984834074974
-3.64852190018 -8.24440670013 0.032753020525 0.0152696212754 0.0114796571434 0.172191098332 0.984878361225
-3.67766785622 -8.16760540009 0.0320360697806 0.0148785393685 0.0122630735859 0.173377484083 0.984666705132
-3.71151161194 -8.09649848938 0.0312954261899 0.0150048434734 0.011513184756 0.173921853304 0.984577834606
-3.71995401382 -8.01866817474 0.0327268317342 0.0153967747465 0.0126248048618 0.173953443766 0.984552621841
-3.75732469559 -7.94401025772 0.0340282060206 0.0154791846871 0.0120789110661 0.173072054982 0.984713435173
-3.77899646759 -7.86651420593 0.0353160463274 0.015221924521 0.0122895492241 0.172842800617 0.98475509882
-3.80216836929 -7.78897619247 0.0360204130411 0.0164362359792 0.012722928077 0.172874763608 0.984724462032
-3.83141493797 -7.7131934166 0.0368619933724 0.0158721674234 0.0118345012888 0.171086087823 0.985057175159
-3.85979342461 -7.63635158539 0.0415326990187 0.0162755101919 0.012334190309 0.17106987536 0.985047280788
-3.896702528 -7.55846595764 0.0417128093541 0.015712685883 0.0115727689117 0.171135008335 0.985054314137
-3.92045736313 -7.48180532455 0.0408910177648 0.016340084374 0.0123696057126 0.171360462904 0.984995245934
-3.93087315559 -7.40886354446 0.0443247742951 0.0160353910178 0.0119747314602 0.170626670122 0.98513251543
-3.94736886024 -7.33296585083 0.0461158975959 0.0165897719562 0.0122491251677 0.164113402367 0.986225903034
-3.9572763443 -7.25949525833 0.0485106781125 0.0164767187089 0.0126516977325 0.155228585005 0.987660169601
-3.97782826424 -7.19227361679 0.0494316369295 0.0168477054685 0.0131472265348 0.145909056067 0.989067196846
-3.9941599369 -7.12011909485 0.0590212084353 0.0164365842938 0.0137411067262 0.137131914496 0.990321099758
-4.00784349442 -7.04745292664 0.06076778844 0.0169874615967 0.0140544902533 0.126721173525 0.99169331789
-4.02384233475 -6.97349643707 0.0625400692225 0.0171133503318 0.0146035728976 0.117436908185 0.992825508118
-4.01888990402 -6.90610456467 0.0640551745892 0.0159948803484 0.0142581425607 0.103658571839 0.994382083416
-4.00582408905 -6.85720396042 0.0662050321698 0.0149761652574 0.014067276381 0.0893326476216 0.995789945126
-4.01034069061 -6.81482553482 0.0691728144884 0.014714342542 0.0146092996001 0.0719194114208 0.997194886208
-4.02762031555 -6.77922677994 0.0716404616833 0.015345252119 0.0154061093926 0.0573519282043 0.998117208481
-4.02179050446 -6.74502038956 0.0685699656606 0.0162383690476 0.0159924980253 0.0419837124646 0.998858332634
-3.9992878437 -6.69986248016 0.065750412643 0.0159693583846 0.0165473017842 0.0217394251376 0.999499201775
-3.98478531837 -6.65661716461 0.0675606429577 0.0160198844969 0.0169004239142 -0.000901611812878 0.999728441238
-3.98748731613 -6.61024618149 0.0694674924016 0.0155885303393 0.0172891747206 -0.0237602237612 0.999446630478
-3.99149370193 -6.57153940201 0.0709789022803 0.01561166998 0.0175838042051 -0.0450758747756 0.998706817627
-3.98191642761 -6.53284835815 0.0720477104187 0.0157254952937 0.0170889999717 -0.0647652298212 0.997630298138
-3.98856282234 -6.49562549591 0.0719074904919 0.0150369862095 0.0177078545094 -0.0832589566708 0.996257126331
-3.97492527962 -6.45964288712 0.0738292261958 0.0151238897815 0.0179503448308 -0.100929014385 0.994616746902
-3.96957325935 -6.42335748672 0.0722980499268 0.0142095629126 0.0176431871951 -0.120267622173 0.992483019829
-3.9462313652 -6.38265037537 0.0754115059972 0.0143628856167 0.0183732919395 -0.141242682934 0.989700317383
-3.92611145973 -6.3459072113 0.0728701800108 0.0140386726707 0.0190180260688 -0.161629647017 0.986568331718
-3.92288827896 -6.30038070679 0.0740909352899 0.0145561341196 0.019000839442 -0.182453423738 0.982923090458
-3.90754365921 -6.25990962982 0.0735378861427 0.0145547259599 0.0195084717125 -0.201268047094 0.979233801365
-3.87170314789 -6.21947193146 0.0773364454508 0.0146749354899 0.0187374167144 -0.220041021705 0.975200295448
-3.84719085693 -6.17622280121 0.0760025680065 0.0146069610491 0.0194895025343 -0.240609809756 0.970316290855
-3.82436180115 -6.14141845703 0.0807465165854 0.014357406646 0.0196313522756 -0.259782314301 0.965360879898
-3.80568027496 -6.09993648529 0.0815402120352 0.0139816449955 0.0199115592986 -0.279977172613 0.959698319435
-3.76579236984 -6.06121778488 0.0799600556493 0.0133490106091 0.0201588049531 -0.299566060305 0.953769147396
-3.733263731 -6.02682542801 0.0772836953402 0.0121962120757 0.0211796872318 -0.321023225784 0.946755945683
-3.69641804695 -5.99156284332 0.0769234001637 0.0107310889289 0.0218586642295 -0.342077940702 0.939356029034
-3.66864228249 -5.96200180054 0.0795926973224 0.00976225733757 0.022552203387 -0.361722528934 0.931961834431
-3.65555977821 -5.93626117706 0.078149035573 0.00986293703318 0.0227601137012 -0.379950374365 0.924674272537
-3.62626600266 -5.91809749603 0.077462144196 0.00921497587115 0.022676538676 -0.399642467499 0.916344225407
-3.60085105896 -5.88963699341 0.0791257619858 0.00876803603023 0.0231317337602 -0.419456452131 0.907438337803
-3.57963514328 -5.87167787552 0.077497780323 0.00852118246257 0.0227435845882 -0.437441140413 0.898919045925
-3.53536558151 -5.8437037468 0.0771678462625 0.00761184003204 0.0230598840863 -0.455512583256 0.889898121357
-3.50056195259 -5.8186879158 0.0791536867619 0.0078591434285 0.023201463744 -0.473402351141 0.880505621433
-3.46832084656 -5.78996515274 0.0809523016214 0.00706937583163 0.0235455743968 -0.49072805047 0.870965957642
-3.40853071213 -5.74339962006 0.0793924182653 0.00634530605748 0.0234969519079 -0.504723131657 0.862938165665
-3.36418414116 -5.69715356827 0.0796151310205 0.00652079097927 0.022987825796 -0.511870801449 0.858730077744
-3.31339335442 -5.66671466827 0.0789423212409 0.00676608039066 0.0227346010506 -0.516654670238 0.855865240097
-3.24388742447 -5.64418888092 0.0789759010077 0.00617858255282 0.0228060819209 -0.522997677326 0.852006554604
-3.18925976753 -5.60510158539 0.0757703483105 0.00614466285333 0.022577572614 -0.528599381447 0.84854888916
-3.098123312 -5.54586648941 0.0742468088865 0.00555892288685 0.0230380222201 -0.530529379845 0.847335159779
-3.03115010262 -5.50339984894 0.0717698410153 0.00559937022626 0.0231749564409 -0.525845110416 0.85024613142
-2.95089054108 -5.47490549088 0.0692788287997 0.00542917661369 0.023859936744 -0.522459983826 0.852312684059
-2.87819552422 -5.44900035858 0.0731295049191 0.00549311330542 0.0224701743573 -0.522883236408 0.852090477943
-2.80124545097 -5.41686677933 0.0722213089466 0.00538303190842 0.022673305124 -0.526145458221 0.850075244904
-2.71486735344 -5.37566280365 0.0680039674044 0.00568497320637 0.0228423830122 -0.52949821949 0.847984433174
-2.64131569862 -5.3289399147 0.0646714791656 0.00566297210753 0.0228844322264 -0.530282914639 0.847492933273
-2.56990814209 -5.27944993973 0.0604759305716 0.00534774549305 0.022683866322 -0.527926325798 0.848970353603
-2.48161435127 -5.23839759827 0.0610002912581 0.00526892440394 0.0230091158301 -0.525115430355 0.850703656673
-2.40205001831 -5.21474599838 0.0590746030211 0.0049737165682 0.0230161584914 -0.522684037685 0.852201223373
-2.32956147194 -5.18455934525 0.061703234911 0.00510637229308 0.0228590052575 -0.523166000843 0.851908922195
-2.25781202316 -5.15052890778 0.0591688267887 0.00535997515544 0.0226742308587 -0.525566160679 0.850433647633
-2.18349456787 -5.10435581207 0.0598480477929 0.00522661488503 0.0232169404626 -0.527406871319 0.849279463291
-2.10585093498 -5.06105995178 0.0573921501637 0.00524348113686 0.0224746037275 -0.527600646019 0.84917896986
-2.02559399605 -5.01685333252 0.0565690994263 0.00575186125934 0.0224334914237 -0.526700139046 0.849735617638
-1.94989001751 -4.98238229752 0.0552118308842 0.00559836067259 0.0218109916896 -0.525401115417 0.850556671619
-1.87284803391 -4.94389533997 0.0524903647602 0.00604406371713 0.0224896874279 -0.524389982224 0.851159751415
-1.79364526272 -4.90751075745 0.0520526580513 0.00571558903903 0.0225656293333 -0.523679733276 0.851597130299
-1.71670794487 -4.87443971634 0.0519222691655 0.00612501893193 0.0227138157934 -0.524103105068 0.851329863071
-1.63839554787 -4.83728694916 0.0485193356872 0.00499702943489 0.0233362931758 -0.525084257126 0.850715577602
-1.55879473686 -4.79342937469 0.0478644110262 0.00459125544876 0.0238784719259 -0.526084840298 0.850084424019
-1.48037290573 -4.75325775146 0.043478153646 0.00454699154943 0.023739926517 -0.526683807373 0.849717617035
-1.39897835255 -4.71251153946 0.0449755229056 0.00453229714185 0.0238918289542 -0.526664018631 0.849725663662
-1.32619976997 -4.67419815063 0.0426739640534 0.00279244082049 0.0242175869644 -0.527004063129 0.849513113499
-1.24161756039 -4.63197851181 0.0375425852835 0.00400018133223 0.024257009849 -0.525152683258 0.850652873516
-1.17078375816 -4.5991897583 0.0407525449991 0.00341917923652 0.0253633633256 -0.523948967457 0.851365089417
-1.10216462612 -4.56650161743 0.0437843613327 0.00426209019497 0.0246766507626 -0.523936033249 0.851389408112
-1.02270257473 -4.5343580246 0.0397809743881 0.00438662711531 0.024843621999 -0.525379836559 0.850493729115
-0.945892572403 -4.49672412872 0.0389428548515 0.00464883772656 0.024368243292 -0.526583373547 0.849761486053
-0.867424488068 -4.45612239838 0.0367345400155 0.00532889319584 0.0231209341437 -0.527197241783 0.849411606789
-0.788578987122 -4.41039466858 0.0347245261073 0.00670746993273 0.0230733510107 -0.526571452618 0.849791228771
-0.713786125183 -4.37835741043 0.0290311947465 0.0071345246397 0.0225431844592 -0.525546252728 0.850436389446
-0.63659632206 -4.33712434769 0.0277818460017 0.00695357332006 0.0236476492137 -0.52437132597 0.85113286972
-0.56411075592 -4.30117416382 0.0317792594433 0.00753552885726 0.0230695679784 -0.523505628109 0.85167658329
-0.492271661758 -4.27071380615 0.0320179238915 0.00870254822075 0.0230418220162 -0.524003624916 0.851359903812
-0.41405454278 -4.2395401001 0.0246667005122 0.008176792413 0.0239520315081 -0.52496612072 0.850746810436
-0.337073028088 -4.20105552673 0.0238005761057 0.00774480542168 0.0240594986826 -0.526707410812 0.849670767784
-0.256698518991 -4.15518760681 0.0232746824622 0.00669342419133 0.0242550186813 -0.527423501015 0.849229931831
-0.183874040842 -4.11706399918 0.0219994205981 0.00689435051754 0.0244248472154 -0.52669519186 0.849675297737
-0.102887906134 -4.07838964462 0.0207175537944 0.00555882323533 0.0236452370882 -0.526299655437 0.849952220917
-0.0292967185378 -4.04397964478 0.023641558364 0.00519937928766 0.0253388881683 -0.525601804256 0.850337386131
0.0424161739647 -4.00680351257 0.0241449009627 0.00646716775373 0.023587461561 -0.524623095989 0.850983262062
0.11968202889 -3.96602129936 0.0220961757004 0.00702712219208 0.0235416460782 -0.525506734848 0.850434660912
0.189097285271 -3.92990899086 0.0171097703278 0.00744411395863 0.0233835838735 -0.526757359505 0.849661409855
0.271981060505 -3.88849592209 0.0170424170792 0.0080239744857 0.0232346728444 -0.526976108551 0.849524617195
0.347017526627 -3.84664511681 0.0177252106369 0.00765211554244 0.0230371579528 -0.527094125748 0.849460124969
0.415461868048 -3.81094074249 0.0142754875124 0.00669848825783 0.0229156017303 -0.527307748795 0.849338889122
0.490061283112 -3.77513599396 0.0126426415518 0.00520416162908 0.0214084107429 -0.527239441872 0.849431157112
0.575573921204 -3.73193311691 0.0137152671814 0.0056348242797 0.0222197007388 -0.526081442833 0.850125193596
0.656455755234 -3.69812083244 0.013070567511 0.00554101308808 0.022122964263 -0.525203824043 0.850670814514
0.730260133743 -3.66267800331 0.0105835525319 0.00624356046319 0.0221265330911 -0.524906039238 0.850849628448
0.810976862907 -3.62385368347 0.00841663405299 0.00584266567603 0.0234802793711 -0.525665998459 0.85034686327
0.887313842773 -3.58591771126 0.00936358235776 0.00594590371475 0.0229206476361 -0.525718212128 0.850329220295
0.958266973495 -3.55370020866 0.00860501639545 0.00610995013267 0.0227336529642 -0.52572029829 0.85033172369
1.02459430695 -3.51531243324 0.00847111828625 0.00731463963166 0.020648656413 -0.525976836681 0.85021674633
1.10548317432 -3.48011803627 0.00786929111928 0.0075419889763 0.0213865730911 -0.526636362076 0.84978812933
1.18217980862 -3.44504094124 0.00722854072228 0.00771501567215 0.0214832909405 -0.525681078434 0.850375413895
1.25792765617 -3.40804314613 0.00439787050709 0.00972492620349 0.0217565800995 -0.524920940399 0.850817322731
1.32539284229 -3.37539505959 0.000526880845428 0.00940456334502 0.0220484640449 -0.524244427681 0.851230382919
1.40430378914 -3.33316659927 0.0041269948706 0.00900126807392 0.0236063022166 -0.525090754032 0.850671172142
1.48346281052 -3.29750418663 0.00196359725669 0.00868547614664 0.0240630302578 -0.52526473999 0.850554227829
1.55547583103 -3.253885746 0.00110572343692 0.00983457546681 0.022469105199 -0.525311470032 0.850556492805
1.63229286671 -3.21628499031 0.000224469855311 0.0095136910677 0.0223859418184 -0.525366783142 0.850528120995
1.71262776852 -3.17798852921 -0.000703118392266 0.0100409677252 0.023231305182 -0.524849712849 0.850818574429
1.78344035149 -3.1429464817 -0.00368329812773 0.0104510905221 0.0227798465639 -0.524086296558 0.851296305656
1.85632181168 -3.11220407486 -0.00340839056298 0.0112348180264 0.0225669015199 -0.524718940258 0.850902199745
1.9343868494 -3.07680416107 -0.00572081189603 0.0120020387694 0.0220084469765 -0.525686144829 0.850309193134
2.00333881378 -3.03704428673 -0.00310605205595 0.0115000056103 0.0227319970727 -0.526910483837 0.84953892231
2.07904005051 -3.00164866447 -0.00452495133504 0.0114933149889 0.0225733201951 -0.527523040771 0.849162995815
2.16364884377 -2.96189379692 -0.00610106578097 0.0108475554734 0.0226665902883 -0.527117013931 0.849421083927
2.24743843079 -2.92282819748 -0.00712909549475 0.00887578725815 0.0215517599136 -0.526116371155 0.850093126297
2.32981681824 -2.88121676445 -0.00889956671745 0.00840937159956 0.0223636161536 -0.52511370182 0.850696623325
2.41542363167 -2.84539365768 -0.0111786462367 0.0079335514456 0.0225206259638 -0.523992180824 0.851388335228
2.48922109604 -2.81173658371 -0.0087031275034 0.00748403416947 0.0226848777384 -0.524515986443 0.851065456867
2.57189750671 -2.77394890785 -0.00865801889449 0.00668711354956 0.0219692010432 -0.524972438812 0.850809395313
2.65081191063 -2.73030281067 -0.00948615092784 0.00718381209299 0.0237960461527 -0.525963246822 0.850144028664
2.71666765213 -2.69650125504 -0.0102001614869 0.00720763625577 0.0215582493693 -0.525799274445 0.850304961205
2.78865289688 -2.65861868858 -0.0107649918646 0.00789288431406 0.0221950355917 -0.526391983032 0.849915623665
2.86795783043 -2.61817669868 -0.0128051210195 0.00672398507595 0.0209885016084 -0.526774525642 0.849719285965
2.95144867897 -2.57972216606 -0.0148034300655 0.00768121192232 0.0216964222491 -0.526028692722 0.850155353546
3.02372956276 -2.54246783257 -0.0151693932712 0.00744524877518 0.0217851419002 -0.524317443371 0.851211667061
3.09240674973 -2.51381325722 -0.0128953261301 0.0076721268706 0.02349630557 -0.523184478283 0.851860940456
3.17008972168 -2.47860193253 -0.0131638059393 0.0091319354251 0.0198118910193 -0.52505505085 0.850788712502
3.24399018288 -2.43169522285 -0.00972407404333 0.0102547956631 0.0214864443988 -0.527637720108 0.849135875702
3.31520223618 -2.39329719543 -0.0118900854141 0.0113467788324 0.0201031696051 -0.528382360935 0.848692655563
3.38944101334 -2.361525774 -0.00848625786602 0.011277125217 0.0201847646385 -0.527225732803 0.849410712719
3.45925569534 -2.32130146027 -0.0116777699441 0.0117838419974 0.0197006165981 -0.525663673878 0.850382685661
3.53363204002 -2.28379940987 -0.0173044186085 0.0111043443903 0.0213584657758 -0.523981392384 0.851389527321
3.61130404472 -2.25207996368 -0.0172426067293 0.00991980731487 0.0216199476272 -0.521605312824 0.852855265141
3.67091655731 -2.21735310555 -0.0122664570808 0.0104748466983 0.0208504348993 -0.520455896854 0.853569686413
3.73770427704 -2.18896484375 -0.0153975291178 0.0103980209678 0.0222155973315 -0.521447241306 0.852930963039
3.7964553833 -2.15964341164 -0.017092904076 0.010200349614 0.0228865370154 -0.522711217403 0.852141499519
3.84703922272 -2.13287878036 -0.0143552571535 0.0101309530437 0.0227270424366 -0.524641633034 0.850959479809
3.90793538094 -2.09889101982 -0.0186042450368 0.00979291275144 0.0232199914753 -0.525255918503 0.850571095943
3.95691299438 -2.0749065876 -0.0198316443712 0.00987754017115 0.0230411682278 -0.524636864662 0.850956916809
3.99349188805 -2.05519533157 -0.0164805632085 0.00955643504858 0.0226655304432 -0.523806929588 0.851481795311
4.04316473007 -2.03490519524 -0.0195136722177 0.00849998183548 0.0233378484845 -0.524208188057 0.851227879524
4.06765985489 -2.02432990074 -0.0221104584634 0.00829940475523 0.0226596351713 -0.524346351624 0.85116314888
4.08440923691 -2.01393246651 -0.021401502192 0.00794870406389 0.0223242528737 -0.522984921932 0.852012515068
4.09135341644 -2.01086378098 -0.019734736532 0.0084554636851 0.0223860125989 -0.522193431854 0.85249131918
4.10263967514 -2.0075044632 -0.019685510546 0.00887691229582 0.0226537063718 -0.52304905653 0.851955294609
4.12399864197 -1.99231719971 -0.0205630660057 0.0091122193262 0.0233350303024 -0.523814380169 0.851463973522
4.15186452866 -1.97986447811 -0.0211246199906 0.00895744469017 0.0237399730831 -0.523893356323 0.851405858994
4.17711830139 -1.96228992939 -0.0219799783081 0.00903576705605 0.0242855027318 -0.523126482964 0.851861059666
4.20968532562 -1.95532882214 -0.0204187557101 0.00810330640525 0.0238659027964 -0.522960245609 0.851984381676
4.23611450195 -1.94351994991 -0.02333541587 0.00806902721524 0.0240333899856 -0.523444056511 0.851682782173
4.25459384918 -1.93170833588 -0.0234466344118 0.00821209140122 0.0240618027747 -0.522917985916 0.852003753185
4.27797842026 -1.9219417572 -0.0224450752139 0.00844256486744 0.0238784477115 -0.520879924297 0.853254139423
4.30126285553 -1.90353739262 -0.0217547211796 0.00892989058048 0.0236691646278 -0.516816735268 0.85572218895
4.32530021667 -1.8884806633 -0.021891541779 0.00908280164003 0.0237415730953 -0.511678993702 0.858800590038
4.34963321686 -1.88117468357 -0.023007620126 0.00852407608181 0.0233493447304 -0.505434691906 0.862506747246
4.370429039 -1.87509012222 -0.0243553668261 0.00816486310214 0.0233105421066 -0.49909183383 0.866197109222
4.37356138229 -1.86909794807 -0.0243862327188 0.00817957147956 0.0229778978974 -0.493054479361 0.869656503201
4.38534879684 -1.86266946793 -0.0238909646869 0.00885931774974 0.0228769928217 -0.489367365837 0.871732592583
4.39585781097 -1.85327148438 -0.0233868770301 0.0090684928 0.0229960903525 -0.484809786081 0.874270200729
4.40883207321 -1.84082603455 -0.0231209807098 0.00929976627231 0.0231450237334 -0.478748321533 0.877597808838
4.42144966125 -1.83230733871 -0.0238618217409 0.00915701407939 0.022932369262 -0.471939176321 0.881285250187
4.43692016602 -1.82372403145 -0.0245465151966 0.00910183787346 0.0226043853909 -0.464851260185 0.885053396225
4.45243453979 -1.81749176979 -0.0237970016897 0.0091411434114 0.0223012324423 -0.458180993795 0.888532102108
4.46091794968 -1.81221973896 -0.0235660374165 0.0092496778816 0.0220531150699 -0.452358722687 0.891515374184
4.4738574028 -1.80259549618 -0.0235945954919 0.00954732485116 0.0218449421227 -0.446292608976 0.894569516182
4.48562955856 -1.79280185699 -0.0239952988923 0.00977003760636 0.0218248646706 -0.440014064312 0.897672474384
4.49691438675 -1.78108406067 -0.0240694936365 0.00968578644097 0.0217525213957 -0.432966113091 0.901095628738
4.51060724258 -1.77417898178 -0.0226591471583 0.00989053398371 0.0213337503374 -0.425406217575 0.90469700098
4.51548290253 -1.76117146015 -0.0220664758235 0.0102327540517 0.0213249400258 -0.419666349888 0.907370269299
4.52862024307 -1.75030601025 -0.0217585023493 0.0104476576671 0.0211805570871 -0.413598299026 0.910153090954
4.53439188004 -1.73389959335 -0.0203658808023 0.0104281390086 0.0210326407105 -0.405550688505 0.913771033287
4.54983758926 -1.72799491882 -0.0210879892111 0.0105905383825 0.0208886340261 -0.399498909712 0.916434466839
4.55762004852 -1.71344101429 -0.021522782743 0.0102968513966 0.0206725206226 -0.391443759203 0.919912159443
4.57630348206 -1.70294201374 -0.0221890360117 0.0100794928148 0.0207677893341 -0.383594632149 0.923213005066
4.57899999619 -1.68788433075 -0.0212924834341 0.0104633839801 0.0207204949111 -0.37517875433 0.926661789417
4.58849573135 -1.68143188953 -0.0216168425977 0.0107255224138 0.0207913629711 -0.368674755096 0.929264068604
4.60033750534 -1.67546129227 -0.0213908683509 0.0109113119543 0.0207995288074 -0.363601475954 0.931258440018
4.60985803604 -1.6606875658 -0.0208248980343 0.0112952245399 0.020642220974 -0.356662184 0.933937072754
4.62310934067 -1.64514136314 -0.0211974214762 0.0115117225796 0.0205888208002 -0.349474012852 0.936649084091
4.62685108185 -1.63302493095 -0.021292373538 0.0114133115858 0.0206657573581 -0.340454548597 0.939964592457
4.6309928894 -1.6187620163 -0.0197721961886 0.0119703374803 0.0204981341958 -0.333446979523 0.942469954491
4.64386749268 -1.61023128033 -0.0202038753778 0.0118064172566 0.0204346105456 -0.32743409276 0.94457924366
4.65221595764 -1.59799420834 -0.021478343755 0.0114301880822 0.0204779468477 -0.320517987013 0.946952104568
4.6584277153 -1.58918774128 -0.0210760664195 0.0112555995584 0.0204278659075 -0.314140230417 0.949090063572
4.66581630707 -1.57418322563 -0.0204676222056 0.011245591566 0.0201961323619 -0.307330399752 0.951322078705
4.67680454254 -1.56028389931 -0.020830405876 0.0112496605143 0.0200362373143 -0.299787431955 0.953729271889
4.68642139435 -1.54755079746 -0.0202835947275 0.0113380756229 0.0199030842632 -0.292532861233 0.955981075764
4.6854801178 -1.53044939041 -0.0192680936307 0.0115131633356 0.0199691168964 -0.282856822014 0.958885133266
4.69002389908 -1.51707875729 -0.0195434335619 0.0115449381992 0.0197885110974 -0.275583446026 0.961004137993
4.69472837448 -1.50525140762 -0.0195118058473 0.0115231638774 0.0197711996734 -0.267457485199 0.963297903538
4.69421482086 -1.49667036533 -0.018482092768 0.0113209038973 0.0197653062642 -0.257658869028 0.965967416763
4.69272422791 -1.49055635929 -0.0179459024221 0.0117603084072 0.0196469668299 -0.249867796898 0.96800917387
4.69675016403 -1.48641860485 -0.0180091150105 0.0119826048613 0.0196403693408 -0.24352401495 0.969621956348
4.69548177719 -1.47192800045 -0.0178234297782 0.0121191525832 0.0195208135992 -0.236167892814 0.97144061327
4.69298791885 -1.45739972591 -0.0171323567629 0.0119892414659 0.0196328088641 -0.22673676908 0.973684370518
4.68834543228 -1.44790029526 -0.0168986096978 0.0125325843692 0.0195800587535 -0.216322168708 0.976045250893
4.70243310928 -1.44153726101 -0.0158196073025 0.0121794017032 0.0196675676852 -0.206531688571 0.978166401386
4.69899320602 -1.43612015247 -0.0153187401593 0.0126412454993 0.0192033965141 -0.200711801648 0.979380548
4.70415306091 -1.42505574226 -0.0157017186284 0.0125879887491 0.0192339550704 -0.193521916866 0.980826616287
4.70204973221 -1.4103423357 -0.0145236887038 0.0129400799051 0.0189466625452 -0.185009613633 0.98246884346
4.70309400558 -1.39906871319 -0.0146559216082 0.0131238987669 0.0191041473299 -0.175218224525 0.984256803989
4.70845508575 -1.39438843727 -0.0151783376932 0.01252218429 0.018727902323 -0.166469782591 0.985789179802
4.71271085739 -1.38133060932 -0.0157625693828 0.0129898488522 0.0189785547554 -0.158683642745 0.987061560154
4.71300792694 -1.37835764885 -0.0148514835164 0.0126672191545 0.0186343956739 -0.149625211954 0.988486051559
4.71036338806 -1.36283791065 -0.0136681264266 0.0132911512628 0.0187748074532 -0.142134532332 0.98958003521
4.71527767181 -1.3518794775 -0.0132590401918 0.0130709782243 0.0186556968838 -0.132713764906 0.990892589092
4.71746826172 -1.34020328522 -0.0136596783996 0.0130189331248 0.0188910569996 -0.124996460974 0.991891920567
4.71328115463 -1.33146476746 -0.0144330011681 0.0134062590078 0.0186666287482 -0.117052987218 0.992859721184
4.71759748459 -1.32328999043 -0.0137174166739 0.0134704401717 0.0182334370911 -0.108019314706 0.993890285492
4.71486520767 -1.31177043915 -0.013400346972 0.0137172145769 0.0185937434435 -0.101076304913 0.994610369205
4.71859693527 -1.30190587044 -0.0145663917065 0.013488996774 0.018601026386 -0.0896705463529 0.995706439018
4.71786594391 -1.28640699387 -0.0123280426487 0.0139879444614 0.0178282018751 -0.0823761299253 0.996343672276
4.72331953049 -1.27725756168 -0.0129776801914 0.0140015948564 0.0184948462993 -0.0730285122991 0.997060060501
4.72053098679 -1.2654364109 -0.0124855972826 0.0139965293929 0.0179908275604 -0.0672886222601 0.997473180294
4.72257089615 -1.2544811964 -0.0144847780466 0.0134544400498 0.0184496548027 -0.0549270808697 0.998229205608
4.71599388123 -1.24062657356 -0.0127158751711 0.0140051320195 0.0178477726877 -0.047784473747 0.998600006104
4.71555566788 -1.23125374317 -0.0120769459754 0.0143869174644 0.0184495337307 -0.0413086414337 0.998872518539
4.72150659561 -1.22713530064 -0.0106262415648 0.0143444919959 0.0174465049058 -0.0332119092345 0.999193072319
4.7155752182 -1.20995092392 -0.0126581257209 0.0141651518643 0.018513597548 -0.0249051600695 0.999418020248
4.72507238388 -1.19841134548 -0.0111416494474 0.0147172780707 0.0182156078517 -0.0150172254071 0.999612987041
4.71729040146 -1.18510890007 -0.0104470215738 0.0148886898533 0.0181509666145 -0.00701946672052 0.999699771404
4.72347927094 -1.16938877106 -0.0122484732419 0.0150230089203 0.018872955814 0.00216537807137 0.999706685543
4.71892499924 -1.16157615185 -0.00978913251311 0.0151631515473 0.017974216491 0.0105654401705 0.999667644501
4.72275066376 -1.15100705624 -0.00965388584882 0.01551436726 0.0181352496147 0.0184299014509 0.999545276165
4.72219514847 -1.12938094139 -0.00868291314691 0.0153948701918 0.0180640984327 0.0260128807276 0.999379813671
4.71637535095 -1.11709260941 -0.00791378971189 0.0158184841275 0.0179870352149 0.0356091335416 0.999078691006
4.71719694138 -1.09427034855 -0.00657360861078 0.0158489942551 0.0176045354456 0.0436777099967 0.998764812946
4.71419715881 -1.06157374382 -0.00533528113738 0.0159060880542 0.0176686625928 0.0519411712885 0.998367130756
4.71128606796 -1.03340792656 -0.0035614692606 0.0158484615386 0.0174580346793 0.0617357380688 0.997813999653
4.71320819855 -1.01186037064 -0.00383526645601 0.0160457249731 0.0175746176392 0.0709532126784 0.997195720673
4.70300865173 -0.972514271736 -0.00146381149534 0.0168366022408 0.0174826811999 0.0794512405992 0.996543228626
4.68328428268 -0.906543314457 0.00225780624896 0.0170177333057 0.0166455898434 0.0890514180064 0.995742499828
4.66642856598 -0.847155928612 0.00359222223051 0.0163930058479 0.0161476898938 0.106635585427 0.994031846523
4.64743232727 -0.790710628033 0.00392939103767 0.0159774236381 0.0152865098789 0.126181691885 0.991760671139
4.63820886612 -0.741477191448 0.00633212877437 0.0164422113448 0.0153512936085 0.134559735656 0.990650117397
4.61994600296 -0.676520943642 0.0104941502213 0.0165246259421 0.0143325570971 0.136551991105 0.990391373634
4.60193347931 -0.603115320206 0.0176321044564 0.0173994321376 0.0145541587844 0.134520322084 0.990651190281
4.58518838882 -0.538329124451 0.0194134954363 0.0178700853139 0.0146588748321 0.134839609265 0.990597844124
4.56255245209 -0.462003558874 0.0203540120274 0.0181733835489 0.0144029725343 0.136944130063 0.990307331085
4.53546619415 -0.379814594984 0.0239467732608 0.0183528661728 0.0143908634782 0.139166787267 0.989994287491
4.51956033707 -0.295347541571 0.0284074544907 0.0181367676705 0.0135608837008 0.140243634582 0.989858031273
4.50120830536 -0.209818303585 0.0325490534306 0.0183025319129 0.0132930530235 0.138520345092 0.990101218224
4.47993898392 -0.120800375938 0.0335548892617 0.0181798059493 0.012805105187 0.136131733656 0.990441143513
4.44962835312 -0.0275884047151 0.0365777164698 0.0177364293486 0.0126636009663 0.135630875826 0.990519702435
4.43575286865 0.0552903413773 0.0398444980383 0.0184654407203 0.0135520324111 0.136302247643 0.990402519703
4.42012929916 0.121501155198 0.0414609611034 0.018347427249 0.0129498485476 0.138139680028 0.990158140659
4.40029191971 0.202815547585 0.0434873700142 0.0189282149076 0.0134428618476 0.138641953468 0.990070402622
4.3765296936 0.271438658237 0.0478239133954 0.0190435983241 0.0136142494157 0.13922727108 0.989983737469
4.34791231155 0.362953454256 0.0543994754553 0.0199003424495 0.0133208185434 0.137419492006 0.990223407745
4.32386159897 0.452746748924 0.062536418438 0.0205822400749 0.0131011661142 0.13776217401 0.99016481638
4.29269552231 0.542375922203 0.0656180232763 0.0205183122307 0.0127877574414 0.136265531182 0.990377306938
4.26875543594 0.62150233984 0.068298690021 0.0195128340274 0.0122793801129 0.136761128902 0.990335762501
4.25136423111 0.706733226776 0.0723011270165 0.0201369673014 0.0129318702966 0.138185754418 0.990117132664
4.22385835648 0.792652904987 0.0723791867495 0.0206893328577 0.0126918833703 0.138485237956 0.990067005157
4.20944690704 0.865846633911 0.0760751515627 0.0210463795811 0.0131484903395 0.139506787062 0.989910125732
4.18104982376 0.958182036877 0.0848399251699 0.0220047291368 0.013088257052 0.14062936604 0.989731252193
4.14975261688 1.03768706322 0.0894342288375 0.0220373049378 0.0127599993721 0.144054204226 0.989242076874
4.11974573135 1.1205971241 0.0943633466959 0.0224785767496 0.0128868678585 0.150605991483 0.988254249096
4.09231090546 1.20479619503 0.101522497833 0.022712353617 0.012507497333 0.156476289034 0.987341344357
4.0654001236 1.27951979637 0.105513900518 0.0221292302012 0.0126213887706 0.161740660667 0.986504435539
4.04668998718 1.35344994068 0.106611080468 0.0217329412699 0.0125908404589 0.164577767253 0.986044287682
4.01217842102 1.43672728539 0.11111407727 0.0220630764961 0.0125704631209 0.168479695916 0.985378026962
3.98541021347 1.52305912971 0.115323580801 0.0224832184613 0.0129348579794 0.171560764313 0.984832048416
3.96277475357 1.60172748566 0.120558261871 0.0224271062762 0.0127508249134 0.176258727908 0.984005749226
3.92851638794 1.68961191177 0.12405911833 0.0227177217603 0.0129272248596 0.179305627942 0.983446121216
3.8978228569 1.77101635933 0.131380841136 0.0222874749452 0.0124701503664 0.184176430106 0.982561349869
3.87622237206 1.84622812271 0.125572830439 0.0203741956502 0.0131173757836 0.188001811504 0.981869757175
3.8408446312 1.92589831352 0.130710303783 0.0193588268012 0.0131709780544 0.193399712443 0.980840623379
3.80125308037 2.01852321625 0.13832692802 0.018961282447 0.0128281405196 0.196950525045 0.980146110058
3.76922607422 2.09464669228 0.140005752444 0.0180593430996 0.0133408466354 0.201594084501 0.979211807251
3.74305796623 2.169475317 0.141114369035 0.0176634360105 0.0134352333844 0.205582991242 0.97838807106
3.69972205162 2.25594973564 0.148702263832 0.0184704530984 0.0130036277696 0.209548398852 0.977537333965
3.66387867928 2.33810806274 0.155434936285 0.0188196729869 0.0129038644955 0.213010832667 0.976783335209
3.62722682953 2.41252040863 0.161171346903 0.0187731049955 0.0125870769843 0.216526806355 0.976015031338
3.58822774887 2.4923491478 0.166102036834 0.0186519939452 0.0127219008282 0.220816120505 0.975054144859
3.5514998436 2.5675842762 0.170807391405 0.018301775679 0.0110127450898 0.22522971034 0.97407156229
3.51837587357 2.63989186287 0.170497313142 0.018703609705 0.0113576371223 0.226988628507 0.973651587963
3.47243642807 2.718760252 0.177020341158 0.0190162956715 0.0109116761014 0.231948211789 0.972481012344
3.42919111252 2.79383111 0.183536872268 0.0201156046242 0.0112437233329 0.236638709903 0.971324384212
3.39400339127 2.8653383255 0.187504589558 0.0207655522972 0.0114105157554 0.240843549371 0.970274746418
3.35572171211 2.93346381187 0.190049305558 0.0207389164716 0.010967021808 0.244562447071 0.969349741936
3.31334781647 3.01691293716 0.194740504026 0.0206606797874 0.0110643003136 0.250120103359 0.96793115139
3.26651883125 3.09352326393 0.197196573019 0.0206906758249 0.0119182588533 0.255093455315 0.96662157774
3.22671866417 3.165122509 0.202204465866 0.0194637179375 0.0111648663878 0.260177791119 0.965300023556
3.18530011177 3.24681544304 0.206041634083 0.0200988035649 0.0114165199921 0.264730930328 0.964045226574
3.14739823341 3.3152923584 0.210775256157 0.0199763420969 0.0121101457626 0.266946732998 0.963428139687
3.10751628876 3.39502930641 0.213540911674 0.0202841367573 0.0121347550303 0.269018113613 0.962845027447
3.06615519524 3.46931385994 0.220706224442 0.0199644453824 0.0118534117937 0.267076790333 0.963395535946
3.02501606941 3.54198813438 0.226250112057 0.0197154246271 0.011381550692 0.263759940863 0.964319705963
2.98013544083 3.62085676193 0.230861499906 0.0191397294402 0.0112887723371 0.261283934116 0.965006172657
2.9299352169 3.69930171967 0.234932512045 0.0193144343793 0.0115308361128 0.26283171773 0.964579463005
2.88513159752 3.76553225517 0.24030777812 0.0189897939563 0.0111328950152 0.264922708273 0.964018404484
2.84355139732 3.84107995033 0.246326580644 0.0191639717668 0.0107703711838 0.266094267368 0.963696300983
2.8010764122 3.91863179207 0.254923015833 0.0191815383732 0.0107733728364 0.264985561371 0.96400141716
2.75813817978 3.98676872253 0.262894898653 0.0197836719453 0.010135198012 0.263855189085 0.964306175709
2.71425819397 4.05859422684 0.270711064339 0.0206877160817 0.0098982276395 0.263252258301 0.96445441246
2.67324519157 4.12235021591 0.276725322008 0.0210912488401 0.00923034269363 0.262466162443 0.964666545391
2.63257050514 4.20466327667 0.286539703608 0.0216383375227 0.00920071732253 0.263501286507 0.964372456074
2.59677481651 4.27294492722 0.294137001038 0.0229896567762 0.0110931852832 0.263627737761 0.96428668499
2.5476462841 4.34875965118 0.298451334238 0.0237100925297 0.0103436242789 0.265234142542 0.963836967945
2.5041437149 4.41563749313 0.305113494396 0.024262484163 0.0106302136555 0.264792978764 0.963941395283
2.45911097527 4.48954820633 0.309009730816 0.0234819557518 0.010229062289 0.263636469841 0.964282035828
2.41041040421 4.56116199493 0.318978846073 0.023993358016 0.0103369932622 0.265198677778 0.963839769363
2.36920189857 4.63424015045 0.328725963831 0.0243985746056 0.0101320352405 0.264755010605 0.963953793049
2.33153152466 4.70041799545 0.33594930172 0.0244072321802 0.00943453423679 0.26365429163 0.964262247086
2.28853964806 4.78341293335 0.34290522337 0.0233890898526 0.00972255133092 0.265017330647 0.963910937309
2.24381041527 4.81745958328 0.341800123453 0.0210911277682 0.00858132634312 0.263502776623 0.96438986063
2.23604464531 4.85397911072 0.342346131802 0.0231115091592 0.00921750813723 0.260193347931 0.965235948563
2.22040677071 4.88154268265 0.350307077169 0.0233986247331 0.00903003197163 0.25850880146 0.965683281422
2.21286320686 4.90876054764 0.350270956755 0.0228237453848 0.00874719489366 0.258273839951 0.965762495995
2.1927113533 4.93739318848 0.349559009075 0.0228823367506 0.00845906324685 0.258210837841 0.965780496597
2.18625426292 4.96927022934 0.347360521555 0.022787777707 0.00865472946316 0.258764058352 0.965632915497
2.16431188583 5.00519371033 0.353756785393 0.0222396682948 0.00838326849043 0.260422378778 0.965202212334
2.15890622139 5.02324819565 0.359622389078 0.0215600840747 0.00822108704597 0.262277722359 0.964716553688
2.15547561646 5.0234875679 0.344157040119 0.0223124399781 0.00857026875019 0.264380455017 0.964122235775
2.15366482735 5.0033288002 0.340931028128 0.0224115177989 0.0084685748443 0.263650417328 0.964320719242
2.15493011475 4.99820137024 0.347868710756 0.0226886235178 0.00862446054816 0.262192040682 0.96471041441
2.1557059288 4.99368715286 0.348566651344 0.0226704869419 0.00843373686075 0.260323673487 0.965218424797
2.15995502472 4.99896430969 0.350829809904 0.022616872564 0.008639623411 0.259408980608 0.965464055538
2.15955901146 5.00182104111 0.349963665009 0.0225982330739 0.00857621524483 0.259368419647 0.965475976467
2.15851974487 5.00147151947 0.350115388632 0.0224786307663 0.00857024174184 0.259217649698 0.965519309044
2.16139054298 5.00107765198 0.350117504597 0.0225609932095 0.00860648509115 0.259009063244 0.965573012829
2.16087317467 5.00228834152 0.351709455252 0.0227196309716 0.00863137375563 0.259316951036 0.96548640728
2.16157245636 5.00126171112 0.351709991693 0.022590983659 0.00857758894563 0.259001374245 0.965574622154
2.16032576561 4.99929237366 0.351115882397 0.0226894523948 0.00855595618486 0.25936588645 0.96547472477
2.16039824486 5.00325584412 0.350071817636 0.022629071027 0.00852536223829 0.259582459927 0.965418159962
2.16337776184 5.00020122528 0.349852383137 0.0225673206151 0.00850597396493 0.259066671133 0.965558290482
2.16065478325 5.00152206421 0.352921098471 0.0229225307703 0.00864064041525 0.259347110987 0.965473473072
2.15988636017 5.00203180313 0.353078067303 0.0226810034364 0.00857735518366 0.259552001953 0.965424716473
2.16109824181 5.00129365921 0.350579679012 0.0225414056331 0.00866565015167 0.259485512972 0.965445041656
2.16088676453 5.00259876251 0.351412534714 0.0226185452193 0.00861005857587 0.259584903717 0.965417027473
2.16264247894 5.00058507919 0.349963188171 0.0226622130722 0.00865981914103 0.260254740715 0.965235173702
2.16205573082 5.00008773804 0.350850760937 0.0226689390838 0.00857121311128 0.259215712547 0.965515375137
2.16172885895 4.99895620346 0.351627349854 0.0227823965251 0.00865649711341 0.259292930365 0.965491175652
2.15957689285 5.00111675262 0.352200895548 0.0226671192795 0.00867199618369 0.259350448847 0.965478301048
2.15773463249 5.00405168533 0.35266917944 0.022783588618 0.00848872214556 0.259779930115 0.965361773968
2.16119384766 4.99886369705 0.350043326616 0.0225896481425 0.0085560483858 0.259214520454 0.965517640114
2.15852665901 5.00212526321 0.351050496101 0.0225896053016 0.00847420096397 0.259373217821 0.965475738049
2.15847349167 5.00541734695 0.351797968149 0.0226414091885 0.00854426901788 0.259763658047 0.96536898613
2.16233921051 4.99731636047 0.350868701935 0.0225932467729 0.00855834968388 0.258939802647 0.96559125185
2.16079950333 5.0004825592 0.350574821234 0.0225594080985 0.00856050662696 0.25897821784 0.965581715107
2.16371226311 4.99687957764 0.348839133978 0.0223265998065 0.00845358986408 0.258740901947 0.96565169096
2.16150045395 5.00202465057 0.352261394262 0.0227617919445 0.00860426481813 0.259375959635 0.965469837189
2.16201019287 5.00312995911 0.352739959955 0.022928006947 0.00862237624824 0.259383678436 0.96546369791
2.16333246231 5.00403404236 0.35207131505 0.0226720497012 0.00849176105112 0.259410947561 0.965463519096
2.16182756424 5.00373411179 0.353752285242 0.0227903779596 0.00845914334059 0.259788662195 0.965359449387
2.16509079933 4.99780654907 0.351257205009 0.0225910674781 0.00853527523577 0.259161919355 0.965531945229
2.16367411613 5.00103569031 0.352627009153 0.0228890813887 0.00848730560392 0.260588079691 0.965141415596
2.16446280479 5.00065469742 0.351621776819 0.022669179365 0.00856401678175 0.259167820215 0.965528309345
2.16459536552 5.00033140182 0.351596236229 0.0226107221097 0.00850156228989 0.25927194953 0.965502202511
2.16424179077 5.00145053864 0.351316452026 0.0226256176829 0.00858441367745 0.259346097708 0.965481221676
2.16165733337 5.00578975677 0.350496798754 0.0225556287915 0.0085321450606 0.259384274483 0.965473115444
2.16203141212 5.00151395798 0.349521696568 0.0224356874824 0.00848710536957 0.259426116943 0.965465068817
2.16333079338 5.00294494629 0.349902957678 0.0226171575487 0.00853225402534 0.259476274252 0.965446949005
2.16803383827 5.00726032257 0.350310087204 0.0226174890995 0.00853439141065 0.259548664093 0.965427458286
2.17013645172 5.00314235687 0.349911779165 0.022402793169 0.00858526211232 0.25931853056 0.965493798256
2.16850233078 5.00530576706 0.348727494478 0.0223779138178 0.00852006115019 0.259434700012 0.965463757515
2.16635012627 5.00824356079 0.351994276047 0.0227143391967 0.00862864032388 0.259853392839 0.965342342854
2.16902089119 5.00118255615 0.350749909878 0.0225470047444 0.00846544560045 0.259086668491 0.965553760529
2.16895389557 5.00751876831 0.349201261997 0.0224236641079 0.00851092115045 0.259440362453 0.96546125412
2.16853880882 5.00355672836 0.352503925562 0.022785294801 0.00850124005228 0.258907109499 0.965596020222
2.1690735817 4.99721908569 0.350238978863 0.022535610944 0.00837566424161 0.258599787951 0.965685367584
2.17083287239 4.99684810638 0.350631654263 0.0224207062274 0.00850826036185 0.258547663689 0.965700805187
2.16687178612 5.00818252563 0.351242333651 0.022760245949 0.00846712104976 0.260070770979 0.96528416872
2.1648683548 5.00103712082 0.349629551172 0.0224818121642 0.00837754551321 0.259060144424 0.965563178062
2.16476678848 5.00500059128 0.351721048355 0.0227692760527 0.00850637815893 0.259357482195 0.96547549963
2.16251730919 5.00730848312 0.351925522089 0.02283362858 0.00853104144335 0.259823024273 0.965348541737
2.1641561985 5.00018596649 0.349190413952 0.0225701071322 0.00855584349483 0.259109169245 0.965546429157
2.16370582581 5.00283432007 0.350766062737 0.0226882677525 0.00840408261865 0.259271174669 0.965501487255
2.16124176979 5.00318193436 0.351319432259 0.0228032171726 0.00851892214268 0.259689718485 0.965385258198
2.16365480423 4.99711513519 0.349108576775 0.0226070005447 0.0085363285616 0.258701562881 0.965654969215
2.16293144226 5.00141716003 0.349596232176 0.0225856266916 0.00847541447729 0.259344816208 0.965483486652
2.16118574142 5.00837182999 0.350952476263 0.0228305831552 0.00850905291736 0.259507775307 0.965433657169
2.16226863861 5.00117778778 0.34990850091 0.0225602854043 0.00852278154343 0.258960068226 0.965586900711
2.16327857971 5.00327634811 0.350395202637 0.022649763152 0.00847579538822 0.259658426046 0.965397655964
2.16451525688 4.99778223038 0.348557293415 0.0224719420075 0.00844743289053 0.258537590504 0.965702831745
2.16334152222 5.00264310837 0.348811030388 0.0226131901145 0.00859512854367 0.259317308664 0.965489149094
2.16492629051 4.99859666824 0.348696440458 0.0226210858673 0.00839078053832 0.259138375521 0.965538799763
2.16556668282 5.00232982635 0.349189132452 0.0226759314537 0.008450624533 0.259614855051 0.965408980846
2.16720557213 5.00319910049 0.350407272577 0.0225782562047 0.00856038648635 0.258989870548 0.965578198433
2.16541337967 5.01097106934 0.351574242115 0.0227001998574 0.00853520259261 0.259571284056 0.965419411659
2.16868448257 5.01472711563 0.351724028587 0.0226357188076 0.00855089817196 0.259588003159 0.965416252613
2.16845321655 5.00885486603 0.349829137325 0.0224578455091 0.00856139976531 0.259162664413 0.965534627438
2.16709375381 5.01177787781 0.347621381283 0.022447437048 0.00850625243038 0.259566932917 0.965426743031
2.16692471504 5.01162004471 0.348527908325 0.0225702989846 0.00856751389802 0.259476155043 0.965447723866
2.16473507881 5.00963115692 0.350147992373 0.0225627478212 0.00839584507048 0.259795755148 0.965363502502
2.16672110558 5.00026130676 0.347559481859 0.0224856361747 0.00847032293677 0.259119987488 0.965546190739
2.1647799015 5.00479650497 0.349635481834 0.0226681120694 0.00840655248612 0.259645372629 0.965401351452
2.16193580627 5.00603103638 0.34945961833 0.0226556137204 0.00847748108208 0.259298652411 0.965494215488
2.16068005562 5.00386571884 0.349382162094 0.0225548259914 0.00851348508149 0.258999794722 0.965576469898
2.15823721886 5.0039691925 0.353116571903 0.0227934736758 0.00858757831156 0.259230077267 0.965508460999
2.15428256989 5.00729751587 0.35293918848 0.0227442588657 0.00855029281229 0.259452432394 0.965450167656
2.15587949753 5.00128364563 0.350623428822 0.0224580578506 0.00859302282333 0.259215444326 0.965520143509
2.1594414711 4.99350357056 0.348428100348 0.0223556105047 0.00849846284837 0.258869051933 0.965616285801
2.1604218483 5.00195980072 0.348043322563 0.0225288383663 0.00840024650097 0.259416401386 0.96546626091
2.16238284111 4.99401378632 0.348714619875 0.022589372471 0.0084393825382 0.25955247879 0.965427875519
2.16604375839 4.99658727646 0.349880665541 0.0222089868039 0.00840312987566 0.25846555829 0.965728580952
2.16104149818 5.00026607513 0.350497066975 0.0223870202899 0.00866382103413 0.259491562843 0.96544700861
2.16153860092 4.99407863617 0.350353181362 0.0224313177168 0.00863790418953 0.259109467268 0.965548813343
2.1630654335 4.99663925171 0.350015968084 0.0225499924272 0.00848686229438 0.259187012911 0.965526640415
2.1635658741 4.99343967438 0.349541276693 0.0225306488574 0.0084753446281 0.259103775024 0.965549468994
2.16223359108 4.99412536621 0.349207669497 0.0225685592741 0.00841132737696 0.259601563215 0.965415418148
2.16372537613 4.98972082138 0.349265366793 0.0225985627621 0.00856074504554 0.259274214506 0.965501368046
2.16956877708 4.9860959053 0.347115784883 0.022222770378 0.00837002974004 0.258590817451 0.965695023537
2.16370797157 4.9892373085 0.350840896368 0.0225272681564 0.00848000776023 0.259478777647 0.965448856354
2.16910552979 4.98741006851 0.352117240429 0.0223765280098 0.00850991439074 0.258891105652 0.965609788895
2.16484832764 4.99437713623 0.350974231958 0.0224741026759 0.00849850662053 0.259566932917 0.965426206589
2.16550755501 4.99543094635 0.350636988878 0.0226865913719 0.00853715185076 0.259703874588 0.965384066105
2.17226958275 4.99017906189 0.348971962929 0.0223239194602 0.0084449807182 0.258810043335 0.965633332729
2.17185163498 4.99122190475 0.349217444658 0.0222540162504 0.00843940116465 0.259049654007 0.965570747852
2.16446399689 4.99669694901 0.354765951633 0.0222090035677 0.00831358972937 0.259279638529 0.965511143208
2.16348481178 4.99448013306 0.357481449842 0.0220131184906 0.00817288458347 0.259185910225 0.965541958809
2.16924905777 4.9885802269 0.355222970247 0.0218413583934 0.00826812721789 0.259371995926 0.965495109558
2.16503190994 4.99197053909 0.355801016092 0.0219346247613 0.00812668446451 0.258764028549 0.965657353401
2.162971735 4.99363803864 0.358358979225 0.022045455873 0.00809957645833 0.259042680264 0.965580284595
2.1626496315 4.99320650101 0.35963973403 0.0219281464815 0.00812651310116 0.259125351906 0.965560555458
