-3.37111496925 -5.77526187897 0.0830729678273 0.0182065293193 0.0142447724938 0.21788880229 0.975699841976
-3.41086792946 -5.68986320496 0.0864506736398 0.0175148230046 0.0146928038448 0.228158190846 0.973355650902
-3.43574953079 -5.60991239548 0.0988796129823 0.0155277485028 0.013843675144 0.237345278263 0.971202611923
-3.44790744781 -5.54749679565 0.094983689487 0.0118760960177 0.012096199207 0.250957876444 0.967849552631
-3.48088502884 -5.51679992676 0.0970407873392 0.0156675446779 0.0131281120703 0.264040231705 0.96429502964
-3.50381827354 -5.49588775635 0.100645855069 0.0169608425349 0.0139941917732 0.27346599102 0.961630284786
-3.5171122551 -5.45564079285 0.102150700986 0.0174506418407 0.0141681935638 0.282679259777 0.958951115608
-3.53541660309 -5.40844154358 0.101362407207 0.0180142000318 0.01385764312 0.296793401241 0.95467120409
-3.56599879265 -5.35770273209 0.1019006446 0.0182643532753 0.0134688382968 0.310971081257 0.950148403645
-3.60142397881 -5.31423330307 0.103618405759 0.0188510213047 0.0133649669588 0.324646413326 0.945553183556
-3.63651442528 -5.27642440796 0.106578819454 0.0185742452741 0.013007985428 0.33790999651 0.940905213356
-3.67374110222 -5.23587322235 0.110628813505 0.0180493108928 0.0125558674335 0.350200414658 0.936416685581
-3.71538972855 -5.20515584946 0.110610179603 0.0176266655326 0.0122880097479 0.361524105072 0.932115137577
-3.74451732635 -5.17247056961 0.113771431148 0.0179312173277 0.0119585851207 0.373993724585 0.927180767059
-3.78173613548 -5.12806940079 0.115001097322 0.0194716416299 0.0120272720233 0.388001859188 0.921374380589
-3.82249403 -5.07818508148 0.114967770875 0.0195620711893 0.0115038957447 0.407832145691 0.912774860859
-3.89121007919 -5.0242729187 0.122975587845 0.0200384128839 0.0111137172207 0.42859724164 0.903205096722
-3.9764456749 -4.98082637787 0.125111326575 0.0175040010363 0.00947735831141 0.447741389275 0.893941521645
-4.06596326828 -4.94547510147 0.130987152457 0.0175362564623 0.00908510386944 0.463941335678 0.885645747185
-4.13952970505 -4.91410017014 0.132710233331 0.017837099731 0.00899679586291 0.476592063904 0.878897607327
-4.21324777603 -4.87304067612 0.134812161326 0.0183417070657 0.00917068682611 0.489468961954 0.871779561043
-4.27956008911 -4.83389949799 0.137623548508 0.0188751090318 0.0091956006363 0.50255292654 0.86429142952
-4.34095478058 -4.80870962143 0.143221318722 0.0194859001786 0.00921183731407 0.516960322857 0.85573798418
-4.41091346741 -4.77232122421 0.143549859524 0.019139001146 0.008944013156 0.532427966595 0.846211671829
-4.47145557404 -4.74428129196 0.146167576313 0.0186939481646 0.00871349126101 0.54673832655 0.837049484253
-4.55769443512 -4.71929121017 0.149157047272 0.0189035721123 0.00817307829857 0.558605730534 0.829177618027
-4.6369395256 -4.70931529999 0.157052993774 0.0188716780394 0.00795084796846 0.566482961178 0.823818981647
-4.72712945938 -4.70201396942 0.159087747335 0.0180137455463 0.00667533092201 0.570385813713 0.82115226984
-4.79672241211 -4.67806196213 0.167028963566 0.0184557456523 0.00756875937805 0.569304585457 0.821884632111
-4.8751707077 -4.65532636642 0.169604688883 0.0182688850909 0.00782528799027 0.566903650761 0.823544323444
-4.94889783859 -4.61785125732 0.179157286882 0.0176922325045 0.00805881991982 0.565029382706 0.824841678143
-5.02789115906 -4.57802343369 0.177467018366 0.0177636612207 0.00717920158058 0.564252138138 0.825380206108
-5.10593032837 -4.54876661301 0.176606461406 0.0180100798607 0.00740956235677 0.564031481743 0.825523674488
-5.18710947037 -4.52462720871 0.179922699928 0.0191925745457 0.0075370776467 0.564684808254 0.825049102306
-5.25620365143 -4.49174213409 0.184962406754 0.0210575405508 0.00847160909325 0.5653860569 0.82451403141
-5.33562040329 -4.46244096756 0.181745633483 0.0206906590611 0.00818163715303 0.56390017271 0.825543165207
-5.40912675858 -4.43134212494 0.19354172051 0.0208542253822 0.00902245100588 0.561658084393 0.827057361603
-5.48264169693 -4.39792203903 0.20072247088 0.0198607183993 0.00998346786946 0.558756530285 0.829033792019
-5.56147289276 -4.37023067474 0.211879014969 0.0199363678694 0.0101089868695 0.55372262001 0.832401156425
-5.65294694901 -4.33974838257 0.206531554461 0.0189785920084 0.00942762382329 0.545859396458 0.837608754635
-5.7301607132 -4.30062866211 0.210883677006 0.019746221602 0.00912534538656 0.538692831993 0.84222137928
-5.80022859573 -4.25342512131 0.212237939239 0.0199492424726 0.00899820122868 0.533997237682 0.845202922821
-5.85428953171 -4.19450950623 0.22747682035 0.0190548785031 0.00846191588789 0.533141613007 0.845769166946
-5.91886043549 -4.16052103043 0.219261094928 0.0203615501523 0.00887955352664 0.534914970398 0.844613909721
-6.00302314758 -4.11282587051 0.232525184751 0.0182325653732 0.00779156619683 0.538919389248 0.842123985291
-6.07304382324 -4.08680582047 0.231674134731 0.0196876898408 0.00895740836859 0.540213465691 0.841250061989
-6.15541887283 -4.05717563629 0.238893479109 0.0190591942519 0.00875672511756 0.539349913597 0.841820478439
-6.23261833191 -4.01879692078 0.235346570611 0.0187376625836 0.00860912259668 0.538214206696 0.842555820942
-6.30038642883 -3.97721886635 0.245971024036 0.0193654578179 0.00818255357444 0.536522328854 0.8436242342
-6.36684989929 -3.93348670006 0.247766539454 0.0180671680719 0.0082484614104 0.536914110184 0.843403160572
-6.43190860748 -3.8923830986 0.266082018614 0.0175717286766 0.00703847920522 0.537599146366 0.84298813343
-6.49657869339 -3.85426187515 0.267107367516 0.0200101323426 0.00778481271118 0.537383317947 0.843064725399
-6.57541036606 -3.81860804558 0.259593069553 0.0176365878433 0.00738002546132 0.538282155991 0.84254783392
-6.64537906647 -3.77725529671 0.263446360826 0.0170572567731 0.00631790235639 0.538886427879 0.842182040215
-6.71547317505 -3.74396514893 0.270516514778 0.0175935737789 0.00815494731069 0.538500130177 0.842402279377
-6.79017591476 -3.70873856544 0.258311063051 0.0187021791935 0.00809121970087 0.539141774178 0.841968476772
-6.85996437073 -3.67354226112 0.269717097282 0.0185592938215 0.00790196843445 0.53915643692 0.841964006424
-6.9379234314 -3.63932943344 0.276655375957 0.0199474543333 0.0087527865544 0.539734244347 0.841553628445
-7.00651025772 -3.60377287865 0.293329507113 0.0178915988654 0.0071850316599 0.54002726078 0.841426670551
-7.08031988144 -3.56479215622 0.289440453053 0.0199876800179 0.00994716584682 0.53884345293 0.842110037804
-7.14794683456 -3.52643847466 0.290691107512 0.0186677910388 0.00777484476566 0.539790928364 0.841556191444
-7.21450424194 -3.48898100853 0.292770326138 0.018781915307 0.0086194043979 0.540302395821 0.841217160225
-7.27904129028 -3.45498800278 0.292755275965 0.0194279290736 0.00930001866072 0.539322435856 0.841823875904
-7.34956407547 -3.41030311584 0.287069112062 0.0193196162581 0.00851631164551 0.540140807629 0.841309785843
-7.42835760117 -3.37726140022 0.303152948618 0.0191830825061 0.00849162321538 0.539829671383 0.841512799263
-7.50520467758 -3.34287762642 0.308435857296 0.0193101130426 0.00886305887252 0.540300965309 0.841203629971
-7.58758354187 -3.30679178238 0.317004263401 0.0185310374945 0.00793352909386 0.540407836437 0.841161727905
-7.66393709183 -3.26085829735 0.329455912113 0.0195618290454 0.00709691038355 0.53925383091 0.841886162758
-7.74251651764 -3.23039245605 0.316859275103 0.0186784416437 0.00779840862378 0.539698660374 0.84161490202
-7.82602834702 -3.1963095665 0.313416153193 0.0188138764352 0.00799432396889 0.541316449642 0.840570449829
-7.89843416214 -3.16334795952 0.306962758303 0.0188541878015 0.00780480355024 0.542311370373 0.839929759502
-7.97088527679 -3.12848591805 0.298474252224 0.019996970892 0.00798016507179 0.541991651058 0.8401080966
-8.06018447876 -3.09013819695 0.321500778198 0.0193555913866 0.00795636978 0.540966868401 0.840783536434
-8.12885475159 -3.04987096786 0.327611416578 0.0191806778312 0.00815659109503 0.540794074535 0.840896725655
-8.20437240601 -3.01209521294 0.338245511055 0.0182814169675 0.00720816804096 0.539757192135 0.841591358185
-8.27590084076 -2.9812130928 0.34766972065 0.0219276677817 0.0075127040036 0.538263082504 0.842458128929
-8.35184383392 -2.94137620926 0.337462365627 0.0190148726106 0.00729814218357 0.538156092167 0.842599093914
-8.4251203537 -2.90155434608 0.342208355665 0.0182272531092 0.00761181581765 0.53865891695 0.842292368412
-8.51591491699 -2.86253023148 0.343776553869 0.0183158554137 0.00792986061424 0.536598861217 0.843601405621
-8.60999774933 -2.83171749115 0.348227232695 0.0189652014524 0.00773459067568 0.531153917313 0.847027719021
-8.69212722778 -2.7930803299 0.352966636419 0.0176703166217 0.00786250364035 0.522346615791 0.85251390934
-8.77264976501 -2.75615501404 0.352819621563 0.0175475850701 0.00540894269943 0.512064814568 0.858750522137
-8.83766078949 -2.71139645576 0.350696474314 0.0171176120639 0.0075120027177 0.50018954277 0.865714132786
-8.89611530304 -2.66062188148 0.362954825163 0.0167254265398 0.00703994464129 0.489815205336 0.87163746357
-8.96898937225 -2.61612486839 0.366333663464 0.0168442390859 0.00830967444927 0.480216026306 0.876949191093
-9.04074478149 -2.56822562218 0.370081037283 0.0168600827456 0.00886873435229 0.470504015684 0.882192194462
-9.11742687225 -2.51908397675 0.369518488646 0.0170745085925 0.00888904090971 0.458888590336 0.888285279274
-9.17864990234 -2.47211790085 0.381549865007 0.0162726305425 0.00885872729123 0.448928624392 0.893375575542
-9.2516746521 -2.42353582382 0.386805325747 0.0173097904772 0.0103059131652 0.437227725983 0.899125218391
-9.30446815491 -2.35766506195 0.389213055372 0.0157544538379 0.0096926279366 0.427303940058 0.903918862343
-9.35713005066 -2.29790115356 0.390151172876 0.0162411928177 0.0112274931744 0.418691515923 0.907913863659
-9.40300559998 -2.23832821846 0.390416294336 0.0165632050484 0.0106474002823 0.412688672543 0.910659313202
-9.45276832581 -2.17657375336 0.39280039072 0.0167958624661 0.0110318418592 0.409783393145 0.911961495876
-9.49160385132 -2.11204767227 0.40007609129 0.0166080594063 0.0111733097583 0.409341931343 0.91216146946
-9.54398727417 -2.05242729187 0.408290922642 0.0166317857802 0.0113185802475 0.41018050909 0.911782503128
-9.60817527771 -1.995018363 0.407318621874 0.0167697910219 0.011681785807 0.410923063755 0.911440908909
-9.67477321625 -1.93417191505 0.41004511714 0.017254948616 0.0115150399506 0.41201171279 0.91094237566
-9.73680973053 -1.87796139717 0.412132561207 0.0162440352142 0.01127178967 0.410722017288 0.911546230316
-9.79634571075 -1.8247961998 0.416441828012 0.0162271875888 0.0114340735599 0.409566491842 0.912064313889
-9.85727596283 -1.76769864559 0.415451556444 0.0161294620484 0.011670300737 0.409462839365 0.912109613419
-9.91105270386 -1.70299041271 0.422424525023 0.0163167864084 0.0119566218928 0.41044870019 0.911659300327
-9.97892665863 -1.64978790283 0.432521611452 0.0163582768291 0.0117856431752 0.408930003643 0.912343025208
-10.0410814285 -1.59063243866 0.43370231986 0.0164167117327 0.0120663382113 0.410443335772 0.911658465862
-10.1009731293 -1.5313526392 0.432507693768 0.0157974809408 0.0124347163364 0.410342603922 0.911709845066
-10.1613311768 -1.47322905064 0.438913673162 0.0168977547437 0.0125574106351 0.410518497229 0.911609232426
-10.2349843979 -1.42325139046 0.436733424664 0.015451845713 0.0122295320034 0.408121883869 0.912714779377
-10.2943401337 -1.3633992672 0.443659156561 0.0154977701604 0.0122821796685 0.409955441952 0.911891162395
-10.3470153809 -1.30154383183 0.446328431368 0.0151357864961 0.0124539053068 0.410816282034 0.911507427692
-10.4031076431 -1.24266374111 0.45541831851 0.0152863701805 0.01256101951 0.411317706108 0.911277294159
-10.4668264389 -1.18622136116 0.460200756788 0.0149311199784 0.0123741393909 0.41116514802 0.911354601383
-10.5194253922 -1.11944496632 0.463053643703 0.0143105862662 0.0127583760768 0.412344187498 0.910826444626
-10.5971078873 -1.07108819485 0.466378420591 0.0136951729655 0.0125876097009 0.410078108311 0.911860764027
-10.6604032516 -1.01202666759 0.47147744894 0.0146013237536 0.0126823727041 0.410105168819 0.911833167076
-10.715929985 -0.949381172657 0.470752835274 0.0138389002532 0.0123585136607 0.410185754299 0.911813259125
-10.7850179672 -0.899492144585 0.476016908884 0.0148073323071 0.0121551975608 0.406992018223 0.913230776787
-10.8260259628 -0.835103154182 0.479547470808 0.0146894035861 0.0124528948218 0.40856090188 0.912527918816
-10.8798017502 -0.771504461765 0.48780938983 0.0150649743155 0.0127414241433 0.410719543695 0.911548197269
-10.9311685562 -0.710339725018 0.491732776165 0.0146561013535 0.0129689639434 0.411519855261 0.911190629005
-10.993519783 -0.652039825916 0.493125528097 0.0149198966101 0.0130222151056 0.410864651203 0.911481261253
-11.0435619354 -0.588826537132 0.498032420874 0.0143702728674 0.0130205061287 0.411127388477 0.911371648312
-11.127202034 -0.545445859432 0.502361536026 0.0156780984253 0.0123605849221 0.408109992743 0.912714421749
-11.1845197678 -0.485956400633 0.500789344311 0.015236414969 0.012762346305 0.409885704517 0.911920309067
-11.2308807373 -0.424045413733 0.506969451904 0.0151281654835 0.0131031917408 0.411078572273 0.911380171776
-11.2847194672 -0.366918563843 0.513134658337 0.0155663657933 0.0133757414296 0.412976205349 0.910510540009
-11.3417778015 -0.308070838451 0.522729277611 0.0154795823619 0.0134630342945 0.413488209248 0.910278379917
-11.4241104126 -0.252397358418 0.523963093758 0.0145914703608 0.0133263738826 0.412510812283 0.910738348961
-11.4892206192 -0.191176518798 0.523472130299 0.014065454714 0.0136258983985 0.413976669312 0.910076797009
-11.5528478622 -0.135457873344 0.529704868793 0.0135204391554 0.0135131552815 0.41342240572 0.910338699818
-11.5989112854 -0.0688901469111 0.537695109844 0.0128508871421 0.0133938677609 0.414145827293 0.910021305084
-11.6937274933 -0.0245270766318 0.535869419575 0.0131534878165 0.0135201588273 0.410230964422 0.911786556244
-11.7471895218 0.0360297784209 0.538158833981 0.012965160422 0.0134525848553 0.411376625299 0.911273956299
-11.8060207367 0.0951375514269 0.544443070889 0.0129287904128 0.0137255936861 0.411608576775 0.911165654659
-11.8627147675 0.153746306896 0.551157653332 0.0132384393364 0.0136563489214 0.412100106478 0.910940051079
-11.9171648026 0.214316010475 0.552204310894 0.0127232875675 0.0136140845716 0.412047207355 0.910971939564
-11.9744663239 0.27654248476 0.554073929787 0.0121691059321 0.0138918478042 0.412551224232 0.910747230053
-12.0353193283 0.330896019936 0.559118688107 0.0124035328627 0.0136183258146 0.41293874383 0.910572528839
-12.1001701355 0.38373413682 0.563173115253 0.0122310398147 0.0135945081711 0.411964684725 0.911016285419
-12.1602630615 0.440376460552 0.56468474865 0.012171305716 0.0131031908095 0.412226498127 0.910905838013
-12.21534729 0.501859605312 0.568735659122 0.0117964074016 0.0125707276165 0.411056995392 0.911446630955
-12.2700805664 0.557269275188 0.572132229805 0.0120361298323 0.0128905465826 0.4113702178 0.911297738552
-12.3342599869 0.61309748888 0.576847434044 0.0118079790846 0.0127969514579 0.412013411522 0.911011457443
-12.3968420029 0.673077642918 0.57520711422 0.011422464624 0.0127606000751 0.412156641483 0.910952031612
-12.4619588852 0.730691492558 0.578348219395 0.010811095126 0.0123711405322 0.411895036697 0.911083161831
-12.5246734619 0.787744820118 0.582539200783 0.0109544945881 0.011878862977 0.41066890955 0.911641359329
-12.5852327347 0.842336773872 0.588292837143 0.0102555211633 0.0110204881057 0.410009175539 0.911957204342
-12.6498918533 0.900633335114 0.59017843008 0.0104421731085 0.0109582627192 0.410167068243 0.911884784698
-12.7066516876 0.960124492645 0.59346061945 0.0105521613732 0.0106062702835 0.410901606083 0.911556959152
-12.7676525116 1.01360213757 0.598085045815 0.010874832049 0.010615282692 0.41216430068 0.910982787609
-12.8391962051 1.07016122341 0.599379897118 0.0105326380581 0.0105968378484 0.412163764238 0.910987317562
-12.9115867615 1.12853503227 0.599730193615 0.0101680569351 0.010233566165 0.411717325449 0.911197423935
-12.9851980209 1.18263852596 0.607270538807 0.0091695683077 0.00957937724888 0.410035163164 0.911973297596
-13.0446300507 1.24418270588 0.610686540604 0.00960674043745 0.00959917809814 0.410035431385 0.91196846962
-13.1002435684 1.2997699976 0.618042826653 0.00905167125165 0.00984002277255 0.409725219011 0.91211104393
-13.1603965759 1.35447144508 0.616098105907 0.0105442190543 0.0104901874438 0.409707158804 0.912095844746
-13.2295951843 1.41032397747 0.622851014137 0.0107064628974 0.010180179961 0.410732924938 0.911635994911
-13.2892284393 1.46732676029 0.627958416939 0.0113466661423 0.0105644818395 0.413373082876 0.910429775715
-13.349524498 1.5253623724 0.628320157528 0.0109527343884 0.0106681631878 0.41327893734 0.910476088524
-13.4163551331 1.58054757118 0.629027247429 0.0104926954955 0.0111843384802 0.413648366928 0.910307586193
-13.481584549 1.63576209545 0.640492379665 0.0104829659685 0.0109949093312 0.414075374603 0.910115838051
-13.5432243347 1.69111168385 0.636713802814 0.0104034096003 0.012046277523 0.413374513388 0.910421967506
-13.6009941101 1.74976313114 0.644026815891 0.00968375988305 0.0114933466539 0.413586169481 0.910340964794
-13.6615486145 1.80826854706 0.646653234959 0.00972295086831 0.0114591810852 0.413462042809 0.910397350788
-13.7254085541 1.8616527319 0.648185312748 0.00965863931924 0.0114588271827 0.412711441517 0.910738587379
-13.7889537811 1.92144441605 0.650084555149 0.00946586858481 0.0115514788777 0.41355162859 0.910358190536
-13.8454065323 1.98329997063 0.648816227913 0.00870815198869 0.0127032836899 0.413832366467 0.910222828388
-13.9100952148 2.04016590118 0.650412559509 0.00854481011629 0.0132967736572 0.414594173431 0.909869194031
-13.9699277878 2.0969171524 0.654950022697 0.00844664406031 0.0125835519284 0.414558529854 0.909896492958
-14.0341482162 2.15686416626 0.654337286949 0.00783820822835 0.013619614765 0.414281606674 0.910013079643
-14.1010160446 2.21622204781 0.660203158855 0.00707091391087 0.0127711398527 0.413437664509 0.910415410995
-14.1577100754 2.27333450317 0.662624239922 0.00729205738753 0.0138462940231 0.413700670004 0.910278439522
-14.220703125 2.32833361626 0.665041029453 0.00698722200468 0.0142334504053 0.414227843285 0.910035073757
-14.2786092758 2.38203811646 0.665214240551 0.00707872351632 0.0150001514703 0.415016233921 0.909662783146
-14.3474655151 2.43727469444 0.665760755539 0.00661119399592 0.0158452261239 0.415863096714 0.909265160561
-14.4118709564 2.49639725685 0.668258070946 0.00620699254796 0.0159631930292 0.416121959686 0.909147560596
-14.4745883942 2.55388402939 0.671618938446 0.005973784253 0.0147761944681 0.415940850973 0.909251987934
-14.5387840271 2.61107540131 0.67273080349 0.00593144074082 0.0153576144949 0.41686168313 0.908820807934
-14.597943306 2.66725564003 0.677740156651 0.00445162225515 0.0136317387223 0.416330069304 0.909100472927
-14.6477251053 2.71268248558 0.681149184704 0.00414957478642 0.0137835610658 0.418417185545 0.908140897751
-14.6792325974 2.74534463882 0.677962899208 0.00378081598319 0.0133204907179 0.423161715269 0.905948400497
-14.6993722916 2.7630739212 0.679318606853 0.00373255601153 0.0132767083123 0.432820349932 0.901374697685
-14.7184810638 2.76922392845 0.679941475391 0.00425089290366 0.0137195847929 0.437674701214 0.899018645287
-14.7206802368 2.75891566277 0.679629266262 0.00490832934156 0.0140710743144 0.435503333807 0.900063753128
-14.7098274231 2.7536509037 0.680916428566 0.00469394214451 0.0139699326828 0.431505531073 0.901989877224
-14.7038650513 2.75041079521 0.680856525898 0.00451845582575 0.0140881342813 0.430653393269 0.902396142483
-14.6980142593 2.74883317947 0.680402576923 0.00451054656878 0.0139786759391 0.431430250406 0.902026712894
-14.6991930008 2.74868035316 0.680200278759 0.00437881750986 0.0139700910076 0.431999206543 0.901755154133
-14.6950092316 2.74760627747 0.680531740189 0.00423706974834 0.0139354765415 0.431757062674 0.901872336864
-14.6918964386 2.74494624138 0.679079473019 0.00450030341744 0.0140463635325 0.432109028101 0.901700735092
-14.6873311996 2.74485063553 0.67904740572 0.00446526193991 0.013992479071 0.435555964708 0.900041818619
-14.6732797623 2.73935270309 0.678960263729 0.00450438261032 0.0138060441241 0.445198208094 0.895314276218
-14.6586828232 2.73912572861 0.678259432316 0.00493178889155 0.0134803866968 0.461113840342 0.887224853039
-14.6527910233 2.73367404938 0.677558600903 0.00537258898839 0.0133716221899 0.487048178911 0.873256206512
-14.6516170502 2.72988390923 0.676924109459 0.0058992751874 0.0124757736921 0.520618796349 0.853677690029
-14.6639614105 2.72498703003 0.675916671753 0.00625343620777 0.0109772561118 0.555807232857 0.831215202808
-14.7053718567 2.7214641571 0.676095247269 0.00787265226245 0.0107883252203 0.581534087658 0.813412427902
-14.6972427368 2.70804691315 0.676971793175 0.00793965160847 0.0108604868874 0.606570899487 0.794915556908
-14.6988048553 2.70342063904 0.676458001137 0.00832192972302 0.0109492912889 0.630547761917 0.776028573513
-14.7095117569 2.70502781868 0.674502074718 0.0092153865844 0.0109700150788 0.656755626202 0.753967344761
-14.6999893188 2.70217514038 0.674417555332 0.00903619732708 0.0103753134608 0.685558855534 0.727887272835
-14.7042207718 2.69839811325 0.674758791924 0.0088926134631 0.00908495113254 0.711664676666 0.702404260635
-14.705915451 2.69505500793 0.673992574215 0.00896803010255 0.00755431316793 0.73379701376 0.679267644882
-14.6869478226 2.68741750717 0.672236800194 0.00945236161351 0.00690407771617 0.756814002991 0.653525471687
-14.6814947128 2.68361735344 0.672359347343 0.00941101461649 0.00640369020402 0.778117656708 0.628015458584
-14.6818571091 2.67859721184 0.672070324421 0.00933686364442 0.00606899987906 0.799885690212 0.60004901886
-14.6832723618 2.67501950264 0.670700252056 0.00940108019859 0.00555306952447 0.821265697479 0.570441484451
-14.682557106 2.6708009243 0.670728504658 0.00985579565167 0.00507514737546 0.840428352356 0.541809260845
-14.6866340637 2.67255425453 0.671523749828 0.0100031755865 0.00462025823072 0.857888579369 0.513717532158
-14.7141494751 2.66009736061 0.672560095787 0.0101504400373 0.00428762845695 0.869431436062 0.49393081665
-14.7426710129 2.64210700989 0.67459243536 0.00997383520007 0.00421025510877 0.872267723083 0.488908797503
-14.7394247055 2.63882994652 0.675290346146 0.00994759518653 0.00465206103399 0.871983468533 0.48941218853
-14.7347707748 2.63970828056 0.674992978573 0.0100866183639 0.00500933779404 0.871866285801 0.489614516497
-14.7424974442 2.6408765316 0.675582587719 0.0102565260604 0.00526626640931 0.870992362499 0.491161257029
-14.7337236404 2.63920497894 0.676051914692 0.0101904300973 0.00606126850471 0.868859052658 0.494917541742
-14.7142906189 2.64032626152 0.673457205296 0.0106696588919 0.00606521917507 0.871796369553 0.4897146523
-14.7175703049 2.62727475166 0.671694517136 0.0108514744788 0.00596487801522 0.88006478548 0.474692046642
-14.7406797409 2.6085793972 0.672163486481 0.0113674020395 0.00657613575459 0.891255319118 0.453311681747
-14.7833738327 2.57465171814 0.677018404007 0.0114600844681 0.00521052023396 0.90508300066 0.425048619509
-14.8409776688 2.52934455872 0.676076054573 0.0115933949128 0.00525344070047 0.916483700275 0.399869590998
-14.9052267075 2.46608638763 0.67636936903 0.0116624068469 0.00659641437232 0.924873530865 0.380038738251
-14.9846363068 2.40555095673 0.681916236877 0.0116168521345 0.00616053072736 0.927023947239 0.374771595001
-15.087553978 2.33424758911 0.686199843884 0.0110418247059 0.00601106183603 0.92167788744 0.387752234936
-15.2042398453 2.26681232452 0.688924133778 0.0108403293416 0.00566826434806 0.908090591431 0.41859510541
-15.2510528564 2.2242436409 0.691975772381 0.0102204456925 0.00657969852909 0.890605330467 0.454614549875
-15.3356590271 2.19014334679 0.694253981113 0.0102818356827 0.005726960022 0.870034873486 0.492849737406
-15.3594245911 2.1663351059 0.692387938499 0.00979353860021 0.00620222883299 0.854663610458 0.519052803516
-15.3966140747 2.14984297752 0.69635283947 0.0103929815814 0.00704816821963 0.843622028828 0.536790668964
-15.4610900879 2.12422394753 0.696288824081 0.0104580111802 0.0077567845583 0.835381925106 0.549515724182
-15.5329303741 2.0916428566 0.697831094265 0.0104431081563 0.00704334676266 0.830087721348 0.55749052763
-15.6051845551 2.05899333954 0.698434829712 0.0102246729657 0.00690909195691 0.825977265835 0.563568294048
-15.6958026886 2.03045988083 0.701480686665 0.0101660229266 0.00651136878878 0.821919262409 0.569476127625
-15.7704820633 2.00170493126 0.702121913433 0.0100866751745 0.00552725279704 0.822957575321 0.567986309528
-15.8495492935 1.97164428234 0.70497494936 0.0101951379329 0.00651761656627 0.824290275574 0.566038131714
-15.9401292801 1.9471091032 0.7061008811 0.0102525120601 0.00647960975766 0.827030420303 0.562026381493
-16.0210456848 1.9142472744 0.710467576981 0.0104437936097 0.00687971804291 0.827801823616 0.560881257057
-16.1086196899 1.88270056248 0.710479795933 0.0103714400902 0.00654675392434 0.82528835535 0.564578354359
-16.1866226196 1.85129106045 0.714454114437 0.010627371259 0.00623050052673 0.822673678398 0.56838041544
-16.2560920715 1.81694221497 0.714124083519 0.0105534857139 0.00583808263764 0.823716819286 0.566873013973
-16.3384170532 1.79120004177 0.719348430634 0.0106317419559 0.00676484778523 0.827013015747 0.562041521072
-16.4007530212 1.75751399994 0.719717562199 0.0102997329086 0.00547511409968 0.832161009312 0.554411411285
-16.4960746765 1.72717988491 0.722430050373 0.0103457625955 0.00665366277099 0.835833370686 0.548845410347
-16.5793037415 1.69279742241 0.724318265915 0.0104076890275 0.00595518155023 0.839820206165 0.542732298374
-16.6525726318 1.65981435776 0.727273702621 0.0104866120964 0.00696457596496 0.841883003712 0.539513289928
-16.7355194092 1.62643754482 0.727940678596 0.0106173055246 0.00676230760291 0.842235147953 0.53896343708
-16.8027572632 1.59183740616 0.731969118118 0.0104769328609 0.00653667980805 0.843782842159 0.536542594433
-16.8716526031 1.55439174175 0.734205961227 0.011256089434 0.00714479386806 0.846275150776 0.532579243183
-16.9416942596 1.52035105228 0.738020241261 0.0111407572404 0.00749731110409 0.8503729105 0.526009082794
-17.0218925476 1.48210287094 0.736950397491 0.0111816665158 0.00772910518572 0.855407595634 0.517776966095
-17.0964851379 1.43707358837 0.742725014687 0.0115343397483 0.00816737301648 0.860035061836 0.510039150715
-17.1722068787 1.39981496334 0.741543829441 0.0117423143238 0.00823803525418 0.862937688828 0.505106806755
-17.2501316071 1.35491704941 0.747381687164 0.0114862164482 0.00827634707093 0.864267408848 0.502833366394
-17.3184261322 1.31303286552 0.749112129211 0.0111750243232 0.00831998325884 0.864085435867 0.503152310848
-17.3867359161 1.27564942837 0.753191590309 0.0110114160925 0.00797595735639 0.861826300621 0.50702136755
-17.453414917 1.23784089088 0.755265593529 0.0107542844489 0.00837728846818 0.855430960655 0.51773750782
-17.5000305176 1.21501588821 0.756261646748 0.0107994498685 0.00865295901895 0.845406711102 0.533943772316
-17.5328655243 1.20167469978 0.758743524551 0.010814155452 0.00883370731026 0.838942587376 0.544040799141
-17.5509815216 1.18725013733 0.758101761341 0.0107776159421 0.00902508944273 0.835637629032 0.549101233482
-17.5721073151 1.18554890156 0.75945597887 0.0103454785421 0.00897483061999 0.835298657417 0.549625754356
-17.571187973 1.18659710884 0.758157789707 0.0103671196848 0.00904404837638 0.831345260143 0.55558604002
-17.5701351166 1.19203364849 0.757186353207 0.0106487749144 0.00909506902099 0.830145537853 0.557370960712
-17.5583896637 1.19148266315 0.757796466351 0.0107676219195 0.00898207072169 0.831974625587 0.554636597633
-17.5505828857 1.18779170513 0.756505727768 0.0107699241489 0.0090107973665 0.83276540041 0.553448021412
-17.5432224274 1.18321967125 0.756220936775 0.0108944205567 0.00909369438887 0.832335650921 0.554090321064
-17.5331707001 1.17698252201 0.756275117397 0.0112134963274 0.00945610180497 0.832646548748 0.553610563278
-17.5326519012 1.1781899929 0.757024407387 0.0115049257874 0.009924441576 0.832681953907 0.553543031216
-17.5295372009 1.17898881435 0.758934378624 0.0115281175822 0.0105629377067 0.83269071579 0.553517639637
-17.5309696198 1.18059027195 0.757550656796 0.0113993324339 0.0105305165052 0.832722067833 0.553473770618
-17.5261821747 1.18018174171 0.756408751011 0.0113155273721 0.0102899903432 0.833521783352 0.552274882793
-17.5319042206 1.18048703671 0.755702018738 0.0111843394116 0.0101250316948 0.833362460136 0.552520930767
-17.5321731567 1.18016111851 0.754902303219 0.0112556777894 0.0101563995704 0.833400607109 0.552461385727
-17.5343036652 1.17997765541 0.755533635616 0.0111231580377 0.0102574191988 0.833243608475 0.552698969841
-17.5368518829 1.1802482605 0.755577862263 0.0112697333097 0.0101004000753 0.832277476788 0.554152786732
-17.5351734161 1.18002748489 0.756645739079 0.010924286209 0.0103627908975 0.833271741867 0.552658557892
-17.5339679718 1.17917609215 0.757239043713 0.0112129990011 0.0102471951395 0.831763982773 0.554921627045
-17.5407085419 1.18001651764 0.756713211536 0.0112329097465 0.0102687031031 0.832205832005 0.55425798893
-17.5307121277 1.17996513844 0.757015109062 0.0111297480762 0.010471675545 0.832870066166 0.553257644176
-17.5358123779 1.18153858185 0.757424116135 0.0111727686599 0.0104523058981 0.833042144775 0.552997946739
-17.5362873077 1.18035936356 0.757467865944 0.0112901339307 0.0104186153039 0.833121597767 0.552876472473
-17.5271530151 1.17934811115 0.757838249207 0.0111116990447 0.0106258308515 0.83285844326 0.553272485733
-17.528547287 1.17908871174 0.757611513138 0.0113362744451 0.0105097405612 0.832679927349 0.553538858891
-17.5300121307 1.18067502975 0.757776141167 0.0111850285903 0.0106504550204 0.832635164261 0.553606510162
-17.5333538055 1.18137276173 0.758567094803 0.0112493373454 0.0105321379378 0.833225131035 0.552719116211
-17.534570694 1.18293678761 0.757861435413 0.0113040627912 0.0104734646156 0.832462668419 0.553866863251
-17.5296478271 1.17976212502 0.758158624172 0.0112818647176 0.0105564435944 0.832845509052 0.553289830685
-17.5325889587 1.18190538883 0.757449686527 0.01128627453 0.0102468030527 0.833172857761 0.552802622318
-17.526763916 1.1804741621 0.757777392864 0.0114071145654 0.0103409895673 0.833566665649 0.552204251289
-17.5306510925 1.18089592457 0.757842719555 0.011217632331 0.0104394629598 0.833001971245 0.553057730198
