-2.78640079498 -7.2461771965 0.0303981713951 0.0143562350422 0.0150719676167 0.203027352691 0.9789518117
-4.41091346741 -4.77232122421 0.143549859524 0.019139001146 0.008944013156 0.532427966595 0.846211671829
-6.57541036606 -3.81860804558 0.259593069553 0.0176365878433 0.00738002546132 0.538282155991 0.84254783392
-8.96898937225 -2.61612486839 0.366333663464 0.0168442390859 0.00830967444927 0.480216026306 0.876949191093
-10.715929985 -0.949381172657 0.470752835274 0.0138389002532 0.0123585136607 0.410185754299 0.911813259125
-12.9115867615 1.12853503227 0.599730193615 0.0101680569351 0.010233566165 0.411717325449 0.911197423935
-12.9851980209 1.18263852596 0.607270538807 0.0091695683077 0.00957937724888 0.410035163164 0.911973297596
-14.7038650513 2.75041079521 0.680856525898 0.00451845582575 0.0140881342813 0.430653393269 0.902396142483
-16.8027572632 1.59183740616 0.731969118118 0.0104769328609 0.00653667980805 0.843782842159 0.536542594433
-16.8716526031 1.55439174175 0.734205961227 0.011256089434 0.00714479386806 0.846275150776 0.532579243183
-16.9416942596 1.52035105228 0.738020241261 0.0111407572404 0.00749731110409 0.8503729105 0.526009082794
-17.526763916 1.1804741621 0.757777392864 0.0114071145654 0.0103409895673 0.833566665649 0.552204251289
-17.5306510925 1.18089592457 0.757842719555 0.011217632331 0.0104394629598 0.833001971245 0.553057730198
