7.64092254639 -4.3274641037 0.0 0.0 0.0 0.576052917589 0.81741240273
6.95254898071 -3.98695111275 0.0 0.0 0.0 0.542628552618 0.839972769728
6.10200214386 -3.69084501266 0.0 0.0 0.0 0.499611635134 0.866249510268
5.09333753586 -2.92706346512 0.0 0.0 0.0 0.455682698819 0.890142279637
4.22564411163 -2.2719604969 0.0 0.0 0.0 0.431702380757 0.902016105426
3.11974740028 -1.40555691719 0.0 0.0 0.0 0.419799702708 0.907616774639
2.59087347984 -0.396178483963 0.0 0.0 0.0 0.246866284975 0.969049553605
2.13366508484 0.647851705551 0.0 0.0 0.0 0.311929948046 0.950105103403
1.74576187134 1.54855203629 0.0 0.0 0.0 0.187842813497 0.982199102737
1.39687633514 2.08722400665 0.0 0.0 0.0 0.404620875676 0.914484525275
1.21216678619 2.20196199417 0.0 0.0 0.0 0.505614832778 0.862759318046
1.00189065933 2.45397186279 0.0 0.0 0.0 0.413766431022 0.910383073524
0.685964584351 2.58688020706 0.0 0.0 0.0 0.506519859161 0.862228294755
0.451458930969 2.66393709183 0.0 0.0 0.0 0.706367683996 0.707845106648
-0.0636525154114 2.64612007141 0.0 0.0 0.0 0.724769802662 0.688991098019
-0.702587425709 2.37798714638 0.0 0.0 0.0 0.721098847895 0.69283219582
-1.16723442078 2.24173784256 0.0 0.0 0.0 0.842688867411 0.538400847642
-1.80011105537 2.01734256744 0.0 0.0 0.0 0.72792262345 0.685659284389
-2.28057003021 1.92786121368 0.0 0.0 0.0 0.724769811464 0.68899108876
-3.03557682037 1.7872467041 0.0 0.0 0.0 0.77768489126 0.628654284886
-3.58770179749 1.66311264038 0.0 0.0 0.0 0.757591256495 0.652729260936
-3.85249567032 1.52147388458 0.0 0.0 0.0 0.788992602338 0.614402696491
-4.28012895584 1.49154281616 0.0 0.0 0.0 0.761639150062 0.648001392817
-4.47628641129 1.36268663406 0.0 0.0 0.0 0.863479042699 0.504384717075
-5.15223360062 0.988235712051 0.0 0.0 0.0 0.949163016149 0.314784956399
-5.59536838531 0.202629804611 0.0 0.0 0.0 0.970573685974 0.240804319094
-5.68084192276 -0.253598690033 0.0 0.0 0.0 0.976649109848 0.214840676395
-5.78582429886 -0.528814792633 0.0 0.0 0.0 0.98651659682 0.163661248312
-5.83125591278 -0.85685634613 0.0 0.0 0.0 0.982920150947 0.184032542943
-5.97997665405 -1.12601470947 0.0 0.0 0.0 0.978094412814 0.208161763113
-6.20078754425 -1.75875735283 0.0 0.0 0.0 0.98068078994 0.195614897802
-6.31202363968 -2.14630246162 0.0 0.0 0.0 0.98175816717 0.190133903328
-6.64832210541 -2.70415186882 0.0 0.0 0.0 0.981758149174 0.190133996252
-7.17798948288 -4.24259376526 0.0 0.0 0.0 0.97605674439 0.217516049365
-7.62857246399 -5.41782188416 0.0 0.0 0.0 0.991433637523 0.130611417522
-7.97878837585 -6.49182224274 0.0 0.0 0.0 0.987244299855 0.15921272689
-8.22949886322 -7.26299762726 0.0 0.0 0.0 0.977517265065 0.210855392388
-8.63009929657 -7.86950588226 0.0 0.0 0.0 0.872563009344 0.488501581087
-9.61506462097 -8.53899383545 0.0 0.0 0.0 0.919642109748 0.392757418743
-10.6156749725 -9.32144355774 0.0 0.0 0.0 0.928359911041 0.371682492959
-11.3668937683 -9.96574115753 0.0 0.0 0.0 0.918636553127 0.3951036361
-12.3314418793 -10.6956186295 0.0 0.0 0.0 0.906779017572 0.421606230138
-12.9258136749 -11.2465105057 0.0 0.0 0.0 0.92235762938 0.386337163013
-13.4441509247 -11.6640195847 0.0 0.0 0.0 0.888086012493 0.459677315531
-13.9868164062 -12.0493783951 0.0 0.0 0.0 0.895381639582 0.445299583988
-14.6133403778 -12.6245965958 0.0 0.0 0.0 0.895382334139 0.445298187412
-15.01957798 -12.8561563492 0.0 0.0 0.0 0.73360990387 0.679570827025
-15.2815647125 -12.8774375916 0.0 0.0 0.0 0.698632548311 0.715480651339
-15.7733850479 -12.8956689835 0.0 0.0 0.0 0.656816344756 0.754050587999
-16.3295097351 -12.9625616074 0.0 0.0 0.0 0.636766324919 0.771056838014
-17.1923980713 -12.8514719009 0.0 0.0 0.0 0.628892441209 0.777492313396
-18.4323406219 -12.6297311783 0.0 0.0 0.0 0.606449481388 0.795122019897
-19.9596500397 -12.270070076 0.0 0.0 0.0 0.577720726689 0.816234501815
-21.461681366 -11.710401535 0.0 0.0 0.0 0.606449170403 0.795122257088
-23.5087356567 -11.0899782181 0.0 0.0 0.0 0.606449658983 0.795121884442
-24.4910202026 -10.7910747528 0.0 0.0 0.0 0.606450270996 0.795121417652
-25.5908241272 -10.4895095825 0.0 0.0 0.0 0.598469130362 0.80114586687
-29.1727294922 -9.53691864014 0.0 0.0 0.0 0.63096611626 0.775810389291
-29.8578910828 -9.55598449707 0.0 0.0 0.0 0.579653581034 0.81486301057
-31.2703437805 -9.31650543213 0.0 0.0 0.0 0.606449288299 0.795122167168
-32.6725921631 -8.93200874329 0.0 0.0 0.0 0.606449725967 0.795121833353
-33.4699516296 -8.71337127686 0.0 0.0 0.0 0.615444282934 0.788180394709
-35.2123451233 -8.38342094421 0.0 0.0 0.0 0.594695025138 0.803951383527
-36.5720252991 -7.9514746666 0.0 0.0 0.0 0.584154054219 0.811642803787
-37.2977905273 -7.7626285553 0.0 0.0 0.0 0.624997077558 0.780627089617
-38.2496185303 -7.46173095703 0.0 0.0 0.0 0.454849993673 0.890568067727
-38.9316635132 -6.52623271942 0.0 0.0 0.0 0.16667637093 0.986011656814
-39.2336883545 -5.81761455536 0.0 0.0 0.0 0.158616962248 0.987340194303
-39.5512008667 -5.37138843536 0.0 0.0 0.0 0.238069026676 0.971248237341
-40.0842208862 -4.74516582489 0.0 0.0 0.0 0.16667637093 0.986011656814
-40.4096870422 -4.11880302429 0.0 0.0 0.0 0.117114133062 0.993118462137
-40.4833068848 -1.64050233364 0.0 0.0 0.0 -0.0786010162686 0.99690615418
-40.3375434875 -0.189328551292 0.0 0.0 0.0 -0.104219297417 0.994554341424
-40.5140304565 0.869647860527 0.0 0.0 0.0 0.0982568329246 0.995161089866
-40.4829063416 2.29480743408 0.0 0.0 0.0 0.0876663601309 0.996149892989
-40.7095489502 3.66856408119 0.0 0.0 0.0 0.111339427529 0.993782436893
-40.7441444397 4.69592380524 0.0 0.0 0.0 -0.21174898913 0.977324084223
-40.2650222778 6.10697460175 0.0 0.0 0.0 -0.139258451973 0.990256069688
-39.9774093628 7.32521438599 0.0 0.0 0.0 -0.156840814915 0.987623895406
-39.6962623596 8.35584163666 0.0 0.0 0.0 -0.207085582292 0.978322830975
-39.4066581726 9.42230033875 0.0 0.0 0.0 -0.376606173367 0.926373461506
-38.5203781128 10.6126861572 0.0 0.0 0.0 -0.319340073361 0.947640183585
-37.9018325806 11.7906246185 0.0 0.0 0.0 -0.31301589771 0.949747886431
-36.9772262573 13.4637145996 0.0 0.0 0.0 -0.383029076234 0.923736286371
-35.6620025635 15.9902849197 0.0 0.0 0.0 -0.301413394712 0.953493558179
-34.8513755798 17.5011501312 0.0 0.0 0.0 -0.0880573510562 0.996115406429
-34.3587493896 19.4275436401 0.0 0.0 0.0 -0.115662458373 0.993288576257
-33.7541618347 21.6679592133 0.0 0.0 0.0 -0.163421459483 0.986556347392
-33.3167610168 23.03997612 0.0 0.0 0.0 -0.136755834533 0.990604785836
-32.6524734497 26.1741542816 0.0 0.0 0.0 -0.139258831803 0.990256016273
-32.2678260803 27.4829673767 0.0 0.0 0.0 -0.172491668009 0.985010976826
-31.9672832489 29.0764312744 0.0 0.0 0.0 -0.0573346824741 0.998355014103
-31.4432983398 30.6549720764 0.0 0.0 0.0 -0.13549298885 0.990778305158
-31.183057785 31.9175033569 0.0 0.0 0.0 -0.131661538752 0.991294728733
-30.8949623108 33.7786979675 0.0 0.0 0.0 -0.013224076756 0.999912558074
-30.9836101532 36.447593689 0.0 0.0 0.0 0.0742640366554 0.997238613803
-30.9329147339 39.3861846924 0.0 0.0 0.0 0.0400896185861 0.999196088104
-31.1668701172 42.2406692505 0.0 0.0 0.0 -0.0082420264422 0.999966033923
-31.2286224365 44.2222900391 0.0 0.0 0.0 0.0449378280825 0.998989785537
-30.8837928772 45.8431396484 0.0 0.0 0.0 -0.101465594059 0.994839048903
-30.4040985107 47.3943061829 0.0 0.0 0.0 -0.158617886317 0.987340045851
-29.8781204224 48.8210639954 0.0 0.0 0.0 -0.128065311608 0.991765736433
-29.6592063904 51.1903533936 0.0 0.0 0.0 -0.0880564441263 0.996115486602
-29.2108726501 53.0893783569 0.0 0.0 0.0 -0.137213266691 0.990541528379
-28.9421730042 54.3877372742 0.0 0.0 0.0 -0.129443236718 0.991586833549
-28.6520843506 56.09715271 0.0 0.0 0.0 -0.13819077015 0.99040562955
-28.2042312622 57.3532180786 0.0 0.0 0.0 -0.131163233894 0.99136078502
-32.4670715332 60.0912284851 0.0 0.0 0.0 0.603124621715 0.79764697121
-33.6662483215 60.0979118347 0.0 0.0 0.0 0.686665846137 0.726973187779
-35.2975769043 60.4404335022 0.0 0.0 0.0 0.607477418873 0.794336947119
-36.3228416443 60.622467041 0.0 0.0 0.0 0.65591080825 0.754838400998
-38.117061615 60.9410324097 0.0 0.0 0.0 0.649210403052 0.760608869636
-39.9894561768 61.3737945557 0.0 0.0 0.0 0.700192626023 0.713953980634
-42.8115158081 61.9359512329 0.0 0.0 0.0 0.714157238612 0.699985313087
-44.2347183228 62.1257972717 0.0 0.0 0.0 0.658702439191 0.752403546379
-45.623878479 62.0139694214 0.0 0.0 0.0 0.658702822266 0.75240321101
-46.696762085 62.0456619263 0.0 0.0 0.0 0.658701784326 0.752404119689
-47.6917877197 62.1041069031 0.0 0.0 0.0 0.646486778034 0.762925190191
-49.5723724365 62.2063980103 0.0 0.0 0.0 0.679904197943 0.733300948874
-50.949344635 62.4643630981 0.0 0.0 0.0 0.621656931836 0.783289639342
-52.0830230713 62.875579834 0.0 0.0 0.0 0.658702931491 0.752403115387
-53.0269584656 63.0386352539 0.0 0.0 0.0 0.66969154667 0.742639368953
-54.6277542114 63.28931427 0.0 0.0 0.0 0.674223793155 0.738527099533
-55.8052444458 63.3721008301 0.0 0.0 0.0 0.671571273808 0.740939959913
-56.6591377258 63.9317054749 0.0 0.0 0.0 0.116034032973 0.993245238192
-56.8902130127 64.705368042 0.0 0.0 0.0 0.0701376570238 0.997537322142
-57.2161254883 66.1602249146 0.0 0.0 0.0 -0.066257045757 0.997802587633
-57.1041870117 67.3419189453 0.0 0.0 0.0 -0.0661342542659 0.997810733763
-56.7075538635 69.2538299561 0.0 0.0 0.0 -0.0833226667257 0.996522620521
-56.2983131409 71.4622802734 0.0 0.0 0.0 -0.0477444854011 0.99885958178
-55.9979858398 73.6890792847 0.0 0.0 0.0 -0.10245780405 0.99473735146
-55.6578826904 74.3784866333 0.0 0.0 0.0 0.00650918229642 0.999978815049
-55.4794502258 76.1031341553 0.0 0.0 0.0 -0.0511808723946 0.998689400315
-55.3438186646 77.5736541748 0.0 0.0 0.0 -0.083322222184 0.99652265769
-55.2444839478 79.0502853394 0.0 0.0 0.0 -0.105931483661 0.994373431247
-55.2177658081 80.5391387939 0.0 0.0 0.0 -0.0575469848226 0.998342799112
-55.1421356201 82.3184356689 0.0 0.0 0.0 -0.073549358393 0.997291578166
-54.7275352478 84.1153182983 0.0 0.0 0.0 -0.0833220024622 0.996522676062
-54.5911407471 86.0337142944 0.0 0.0 0.0 -0.0979627128849 0.995190085805
-54.2736473083 87.6975784302 0.0 0.0 0.0 -0.0295674249037 0.999562788115
-54.0761184692 89.979019165 0.0 0.0 0.0 -0.083286890917 0.996525611212
-54.2492599487 91.3895339966 0.0 0.0 0.0 0.0368416051286 0.999321117625
-54.0895500183 92.7813339233 0.0 0.0 0.0 0.0825170567439 0.996589652438
-54.0376167297 94.8632888794 0.0 0.0 0.0 -0.0248595755032 0.999690952998
-54.0651626587 96.4732894897 0.0 0.0 0.0 0.00147062208384 0.999998918635
-54.1114273071 97.7504348755 0.0 0.0 0.0 -0.76357017689 0.645724852367
-54.0051574707 96.1645126343 0.0 0.0 0.0 0.000684239261662 0.999999765908
-53.9249267578 97.0843505859 0.0 0.0 0.0 0.0544568974467 0.998516122214
-54.2375488281 98.3316802979 0.0 0.0 0.0 0.139883386791 0.990167984788
-55.3673019409 103.151260376 0.0 0.0 0.0 0.209031278374 0.9779089552
-55.6787910461 105.070419312 0.0 0.0 0.0 0.171346489969 0.985210830419
-56.0942153931 106.372398376 0.0 0.0 0.0 0.193436064602 0.981112882859
-56.6594543457 108.558288574 0.0 0.0 0.0 0.131546043348 0.991310061726
-57.1409950256 110.132736206 0.0 0.0 0.0 0.238751374375 0.971080728485
-57.4295425415 111.301345825 0.0 0.0 0.0 0.258512644578 0.966007873981
-58.822933197 114.112007141 0.0 0.0 0.0 0.27626266306 0.961082171824
-59.7890357971 115.46938324 0.0 0.0 0.0 0.285274416665 0.958445881204
-60.669921875 117.111083984 0.0 0.0 0.0 0.230044210721 0.973180179162
-61.3150215149 118.601081848 0.0 0.0 0.0 0.263847143104 0.964564505399
-61.1816558838 118.727958679 0.0 0.0 0.0 0.333350540188 0.942802957863
-63.8623886108 123.420722961 0.0 0.0 0.0 0.255597725013 0.966783224393
-64.3820648193 124.483764648 0.0 0.0 0.0 0.270664640305 0.962673699905
-65.3152084351 125.941383362 0.0 0.0 0.0 0.255595778086 0.966783739119
-65.3797149658 126.117675781 0.0 0.0 0.0 0.333828171639 0.942633943703
-65.8977279663 126.966049194 0.0 0.0 0.0 0.410802176082 0.911724504511
-67.1812896729 128.468734741 0.0 0.0 0.0 0.543366799017 0.839495397085
-67.6739349365 128.621826172 0.0 0.0 0.0 0.721706513308 0.692199182785
-68.1913299561 128.702102661 0.0 0.0 0.0 0.604463291176 0.796632995564
-68.9813919067 128.879821777 0.0 0.0 0.0 0.688045022646 0.725668000405
-69.6133956909 128.932159424 0.0 0.0 0.0 0.719194984659 0.69480830021
-70.6496047974 128.849533081 0.0 0.0 0.0 0.71841554745 0.695614189894
-71.3930206299 128.68649292 0.0 0.0 0.0 0.677301944495 0.735705155604
-72.2406997681 128.545425415 0.0 0.0 0.0 0.677298976022 0.735707888417
-73.4978027344 128.217941284 0.0 0.0 0.0 0.694610739594 0.719385793883
-74.6140213013 128.288803101 0.0 0.0 0.0 0.737240876876 0.675629994497
-75.9250640869 128.44619751 0.0 0.0 0.0 0.730969835489 0.682409773967
-76.8282165527 128.470092773 0.0 0.0 0.0 0.727929169372 0.685652334918
-77.6231689453 128.751739502 0.0 0.0 0.0 0.595880293947 0.80307326894
-78.8950042725 128.961471558 0.0 0.0 0.0 0.586877722921 0.80967557598
-79.914855957 129.154983521 0.0 0.0 0.0 0.646385210063 0.763011245141
-80.798500061 129.18208313 0.0 0.0 0.0 0.731470744328 0.681872825527
-81.5486831665 129.107223511 0.0 0.0 0.0 0.714367297043 0.699770937461
-82.1968994141 129.16583252 0.0 0.0 0.0 0.732648061497 0.680607682873
-82.6956253052 129.252304077 0.0 0.0 0.0 0.439875379967 0.898058823296
-83.2080230713 129.661071777 0.0 0.0 0.0 0.17176917705 0.98513722385
-83.362449646 130.257202148 0.0 0.0 0.0 0.041169603001 0.999152172489
-83.1758346558 130.932373047 0.0 0.0 0.0 0.049709609998 0.998763713134
-83.5051574707 131.873016357 0.0 0.0 0.0 0.0411754169846 0.999151932909
-83.3781356812 132.164016724 0.0 0.0 0.0 0.0411815544936 0.999151679961
-83.518699646 132.943328857 0.0 0.0 0.0 0.0404833577579 0.999180212847
-83.669921875 133.608551025 0.0 0.0 0.0 0.0461695099764 0.998933619591
-83.6901702881 134.060211182 0.0 0.0 0.0 0.0223982904064 0.999749126825
-83.6771011353 134.385375977 0.0 0.0 0.0 -0.0553037664196 0.99846957561
-83.6656036377 134.494430542 0.0 0.0 0.0 -0.322144492977 0.946690512071
-83.3995437622 134.886230469 0.0 0.0 0.0 -0.553250875399 0.833014687067
-82.8935623169 135.019500732 0.0 0.0 0.0 -0.673698355721 0.739006444829
-82.4379272461 134.996917725 0.0 0.0 0.0 -0.772797519901 0.63465265558
-82.1222686768 134.853393555 0.0 0.0 0.0 -0.737345467899 0.675515848051
-82.0191726685 134.90612793 0.0 0.0 0.0 -0.639521364339 0.768773324559
-81.6924285889 135.109176636 0.0 0.0 0.0 -0.644846198174 0.764312358071
-81.2487030029 135.215087891 0.0 0.0 0.0 -0.660402642243 0.750911679306
-80.982635498 135.296447754 0.0 0.0 0.0 -0.66543868413 0.746452515344
-80.2771453857 135.376281738 0.0 0.0 0.0 -0.667654158154 0.744471574407
-79.8288421631 135.434875488 0.0 0.0 0.0 -0.630371401092 0.776293692288
-79.2305145264 135.505859375 0.0 0.0 0.0 -0.635672915143 0.771958512456
-78.7249908447 135.655487061 0.0 0.0 0.0 -0.614405448539 0.788990459261
-78.3767700195 135.619506836 0.0 0.0 0.0 -0.651959965311 0.758253390122
-77.8356552124 135.599441528 0.0 0.0 0.0 -0.655486036093 0.75520729372
-77.8218841553 135.612380981 0.0 0.0 0.0 -0.631543742698 0.775340248574
-77.6856689453 135.675003052 0.0 0.0 0.0 -0.63051988219 0.776173098067
-77.5931549072 135.731811523 0.0 0.0 0.0 -0.634980441845 0.772528212089
