-101.855552673 127.589889526 0.0 0.0 0.0 -0.617442843885 0.786615747704
-101.750556946 127.624176025 0.0 0.0 0.0 -0.617032367132 0.786937772579
-101.653106689 127.686500549 0.0 0.0 0.0 -0.62021380101 0.784432814865
-101.492698669 127.693626404 0.0 0.0 0.0 -0.620210200804 0.784435661363
-101.370880127 127.732444763 0.0 0.0 0.0 -0.622324398313 0.782759441504
-101.275375366 127.824302673 0.0 0.0 0.0 -0.60825238605 0.793743683354
-100.962547302 127.890525818 0.0 0.0 0.0 -0.625725554068 0.780043287893
-100.632888794 127.961273193 0.0 0.0 0.0 -0.608250115129 0.793745423575
-100.126213074 127.977485657 0.0 0.0 0.0 -0.61818842794 0.786029940626
-99.6374435425 128.127151489 0.0 0.0 0.0 -0.616486993656 0.787365091081
